1.240000012330710888e+00 1.819970011711120605e+00
1.240000012330710888e+00 1.829975008964538574e+00
1.254000002518296242e+00 1.839980006217956543e+00
1.248999964445829391e+00 1.849979996681213379e+00
1.255000010132789612e+00 1.859969973564147949e+00
1.262999954633414745e+00 1.869974970817565918e+00
1.265999977476894855e+00 1.879969954490661621e+00
1.272000023163855076e+00 1.889969944953918457e+00
1.267999992705881596e+00 1.899974942207336426e+00
1.276999944821000099e+00 1.909975051879882812e+00
1.277999952435493469e+00 1.919970035552978516e+00
1.278999960049986839e+00 1.929970026016235352e+00
1.287000020965933800e+00 1.939975023269653320e+00
1.291000051423907280e+00 1.949975013732910156e+00
1.293999957852065563e+00 1.959969997406005859e+00
1.293999957852065563e+00 1.969985008239746094e+00
1.302000018768012524e+00 1.979974985122680664e+00
1.307999948039650917e+00 1.989964962005615234e+00
1.309999963268637657e+00 1.999969959259033203e+00
1.313999993726611137e+00 2.009974956512451172e+00
1.316000008955597878e+00 2.019974946975708008e+00
1.317000016570091248e+00 2.029979944229125977e+00
1.321000047028064728e+00 2.039969921112060547e+00
1.323999953456223011e+00 2.049979925155639648e+00
1.323999953456223011e+00 2.059969902038574219e+00
1.327999983914196491e+00 2.069974899291992188e+00
1.328999991528689861e+00 2.079969882965087891e+00
1.329999999143183231e+00 2.089970111846923828e+00
1.331000006757676601e+00 2.099980115890502930e+00
1.331000006757676601e+00 2.109980106353759766e+00
1.329999999143183231e+00 2.119975090026855469e+00
1.336000044830143452e+00 2.129980087280273438e+00
1.336000044830143452e+00 2.139975070953369141e+00
1.339999958872795105e+00 2.149975061416625977e+00
1.338999951258301735e+00 2.159975051879882812e+00
1.343999989330768585e+00 2.169975042343139648e+00
1.342999981716275215e+00 2.179970026016235352e+00
1.347000012174248695e+00 2.189980030059814453e+00
1.341999974101781845e+00 2.199980020523071289e+00
1.347000012174248695e+00 2.209975004196166992e+00
1.343999989330768585e+00 2.219980001449584961e+00
1.347000012174248695e+00 2.229974985122680664e+00
1.348000019788742065e+00 2.239969968795776367e+00
1.349000027403235435e+00 2.249974966049194336e+00
1.344999996945261955e+00 2.259974956512451172e+00
1.349000027403235435e+00 2.269969940185546875e+00
1.348000019788742065e+00 2.279974937438964844e+00
1.350000035017728806e+00 2.289974927902221680e+00
1.347000012174248695e+00 2.299969911575317383e+00
1.352000050246715546e+00 2.309974908828735352e+00
1.348000019788742065e+00 2.319969892501831055e+00
1.350000035017728806e+00 2.329969882965087891e+00
1.350000035017728806e+00 2.339979887008666992e+00
1.349000027403235435e+00 2.349975109100341797e+00
1.353999949060380459e+00 2.359975099563598633e+00
1.353999949060380459e+00 2.369980096817016602e+00
1.350000035017728806e+00 2.379985094070434570e+00
1.352000050246715546e+00 2.389975070953369141e+00
1.353999949060380459e+00 2.399980068206787109e+00
1.353999949060380459e+00 2.409975051879882812e+00
1.353000057861208916e+00 2.419975042343139648e+00
1.352000050246715546e+00 2.429975032806396484e+00
1.350000035017728806e+00 2.439990043640136719e+00
1.352000050246715546e+00 2.449980020523071289e+00
1.350000035017728806e+00 2.459969997406005859e+00
1.353000057861208916e+00 2.470000028610229492e+00
1.347000012174248695e+00 2.479974985122680664e+00
1.344999996945261955e+00 2.489974975585937500e+00
1.349000027403235435e+00 2.499989986419677734e+00
1.350000035017728806e+00 2.509979963302612305e+00
1.350000035017728806e+00 2.519969940185546875e+00
1.350000035017728806e+00 2.529989957809448242e+00
1.349000027403235435e+00 2.539969921112060547e+00
1.350000035017728806e+00 2.549969911575317383e+00
1.350000035017728806e+00 2.559979915618896484e+00
1.352000050246715546e+00 2.569969892501831055e+00
1.353999949060380459e+00 2.579969882965087891e+00
1.352000050246715546e+00 2.589994907379150391e+00
1.350000035017728806e+00 2.599975109100341797e+00
1.349000027403235435e+00 2.609970092773437500e+00
1.352000050246715546e+00 2.619970083236694336e+00
1.349000027403235435e+00 2.629995107650756836e+00
1.352000050246715546e+00 2.639970064163208008e+00
1.352000050246715546e+00 2.649965047836303711e+00
1.353000057861208916e+00 2.659985065460205078e+00
1.352000050246715546e+00 2.669980049133300781e+00
1.353000057861208916e+00 2.679970026016235352e+00
1.350000035017728806e+00 2.689985036849975586e+00
1.352000050246715546e+00 2.699970006942749023e+00
1.350000035017728806e+00 2.709969997406005859e+00
1.353000057861208916e+00 2.719974994659423828e+00
1.348000019788742065e+00 2.729974985122680664e+00
1.349000027403235435e+00 2.739974975585937500e+00
1.344999996945261955e+00 2.749969959259033203e+00
1.348000019788742065e+00 2.759969949722290039e+00
1.352000050246715546e+00 2.769964933395385742e+00
1.353999949060380459e+00 2.779974937438964844e+00
1.347000012174248695e+00 2.789974927902221680e+00
1.350000035017728806e+00 2.799974918365478516e+00
1.349000027403235435e+00 2.809979915618896484e+00
1.350000035017728806e+00 2.819969892501831055e+00
1.352000050246715546e+00 2.829969882965087891e+00
1.352000050246715546e+00 2.839975118637084961e+00
1.353000057861208916e+00 2.849975109100341797e+00
1.350000035017728806e+00 2.859970092773437500e+00
1.352000050246715546e+00 2.869980096817016602e+00
1.352000050246715546e+00 2.879975080490112305e+00
1.353999949060380459e+00 2.889970064163208008e+00
1.353000057861208916e+00 2.899980068206787109e+00
1.353999949060380459e+00 2.909975051879882812e+00
1.353000057861208916e+00 2.919965028762817383e+00
1.352000050246715546e+00 2.929975032806396484e+00
1.353000057861208916e+00 2.939980030059814453e+00
1.348000019788742065e+00 2.949975013732910156e+00
1.354999956674873829e+00 2.959969997406005859e+00
1.352000050246715546e+00 2.969985008239746094e+00
1.350000035017728806e+00 2.979974985122680664e+00
1.352000050246715546e+00 2.989974975585937500e+00
1.350000035017728806e+00 2.999979972839355469e+00
1.350000035017728806e+00 3.009974956512451172e+00
1.352000050246715546e+00 3.019974946975708008e+00
1.353999949060380459e+00 3.029969930648803711e+00
1.348000019788742065e+00 3.039979934692382812e+00
1.350000035017728806e+00 3.049979925155639648e+00
1.349000027403235435e+00 3.059974908828735352e+00
1.353000057861208916e+00 3.069974899291992188e+00
1.349000027403235435e+00 3.079979896545410156e+00
1.353999949060380459e+00 3.089975118637084961e+00
1.353999949060380459e+00 3.099980115890502930e+00
1.352000050246715546e+00 3.109975099563598633e+00
1.353000057861208916e+00 3.119970083236694336e+00
1.348000019788742065e+00 3.129980087280273438e+00
1.348000019788742065e+00 3.139975070953369141e+00
1.348000019788742065e+00 3.149980068206787109e+00
1.347000012174248695e+00 3.159980058670043945e+00
1.350000035017728806e+00 3.169980049133300781e+00
1.350000035017728806e+00 3.179970026016235352e+00
1.352000050246715546e+00 3.189980030059814453e+00
1.350000035017728806e+00 3.199980020523071289e+00
1.353000057861208916e+00 3.209975004196166992e+00
1.348000019788742065e+00 3.219974994659423828e+00
1.352000050246715546e+00 3.229979991912841797e+00
1.353999949060380459e+00 3.239974975585937500e+00
1.350000035017728806e+00 3.249984979629516602e+00
1.352000050246715546e+00 3.259974956512451172e+00
1.348000019788742065e+00 3.269974946975708008e+00
1.349000027403235435e+00 3.279979944229125977e+00
1.352000050246715546e+00 3.289974927902221680e+00
1.348000019788742065e+00 3.299969911575317383e+00
1.353999949060380459e+00 3.309984922409057617e+00
1.352000050246715546e+00 3.319979906082153320e+00
1.357999979518353939e+00 3.329974889755249023e+00
1.352000050246715546e+00 3.339979887008666992e+00
1.349000027403235435e+00 3.349975109100341797e+00
1.352000050246715546e+00 3.359975099563598633e+00
1.344999996945261955e+00 3.369980096817016602e+00
1.349000027403235435e+00 3.379970073699951172e+00
1.350000035017728806e+00 3.389980077743530273e+00
1.347000012174248695e+00 3.399965047836303711e+00
1.352000050246715546e+00 3.409970045089721680e+00
1.348000019788742065e+00 3.419980049133300781e+00
1.353000057861208916e+00 3.429970026016235352e+00
1.347000012174248695e+00 3.439965009689331055e+00
1.348000019788742065e+00 3.449980020523071289e+00
1.349000027403235435e+00 3.459980010986328125e+00
1.348000019788742065e+00 3.469985008239746094e+00
1.348000019788742065e+00 3.479969978332519531e+00
1.350000035017728806e+00 3.489969968795776367e+00
1.348000019788742065e+00 3.499974966049194336e+00
1.350000035017728806e+00 3.509979963302612305e+00
1.350000035017728806e+00 3.519969940185546875e+00
1.353000057861208916e+00 3.529989957809448242e+00
1.349000027403235435e+00 3.539969921112060547e+00
1.353000057861208916e+00 3.549969911575317383e+00
1.350000035017728806e+00 3.559974908828735352e+00
1.350000035017728806e+00 3.569974899291992188e+00
1.348000019788742065e+00 3.579965114593505859e+00
1.350000035017728806e+00 3.589975118637084961e+00
1.353000057861208916e+00 3.599975109100341797e+00
1.353999949060380459e+00 3.609970092773437500e+00
1.352000050246715546e+00 3.619970083236694336e+00
1.349000027403235435e+00 3.629990100860595703e+00
1.348000019788742065e+00 3.639975070953369141e+00
1.352000050246715546e+00 3.649970054626464844e+00
1.353000057861208916e+00 3.659995079040527344e+00
1.353000057861208916e+00 3.669975042343139648e+00
1.353000057861208916e+00 3.679970026016235352e+00
1.350000035017728806e+00 3.689975023269653320e+00
1.350000035017728806e+00 3.699975013732910156e+00
1.349000027403235435e+00 3.709975004196166992e+00
1.350000035017728806e+00 3.719969987869262695e+00
1.350000035017728806e+00 3.729974985122680664e+00
1.353000057861208916e+00 3.739969968795776367e+00
1.352000050246715546e+00 3.749979972839355469e+00
1.350000035017728806e+00 3.759974956512451172e+00
1.353000057861208916e+00 3.769974946975708008e+00
1.354999956674873829e+00 3.779969930648803711e+00
1.348000019788742065e+00 3.789979934692382812e+00
1.353000057861208916e+00 3.799974918365478516e+00
1.353000057861208916e+00 3.809984922409057617e+00
1.353999949060380459e+00 3.819979906082153320e+00
1.349000027403235435e+00 3.829969882965087891e+00
1.349000027403235435e+00 3.839979887008666992e+00
1.349000027403235435e+00 3.849970102310180664e+00
1.349000027403235435e+00 3.859975099563598633e+00
1.353999949060380459e+00 3.869980096817016602e+00
1.352000050246715546e+00 3.879975080490112305e+00
1.349000027403235435e+00 3.889985084533691406e+00
1.353000057861208916e+00 3.899975061416625977e+00
1.349000027403235435e+00 3.909985065460205078e+00
1.349000027403235435e+00 3.919980049133300781e+00
1.352000050246715546e+00 3.929975032806396484e+00
1.352000050246715546e+00 3.939975023269653320e+00
1.349000027403235435e+00 3.949975013732910156e+00
1.349000027403235435e+00 3.959975004196166992e+00
1.350000035017728806e+00 3.969980001449584961e+00
1.350000035017728806e+00 3.979974985122680664e+00
1.349000027403235435e+00 3.989974975585937500e+00
