1.195000018924474716e+00 5.999999848427250981e-05
1.199000049382448196e+00 9.990000165998935699e-03
1.187999965623021126e+00 1.998000033199787140e-02
1.200000056996941566e+00 2.996999956667423248e-02
1.187999965623021126e+00 3.997499868273735046e-02
1.190999988466501236e+00 4.997999966144561768e-02
1.187999965623021126e+00 5.997499823570251465e-02
1.185999950394034386e+00 6.998500227928161621e-02
1.187999965623021126e+00 7.997500151395797729e-02
1.183000043965876102e+00 8.997499942779541016e-02
1.188999973237514496e+00 9.997999668121337891e-02
1.197000034153461456e+00 1.099800020456314087e-01
1.198000041767954826e+00 1.199799999594688416e-01
1.189999980852007866e+00 1.299850046634674072e-01
1.181000028736889362e+00 1.399749964475631714e-01
1.184000051580369473e+00 1.499799937009811401e-01
1.190999988466501236e+00 1.599750071763992310e-01
1.201999955810606480e+00 1.699749976396560669e-01
1.189999980852007866e+00 1.799750030040740967e-01
1.188999973237514496e+00 1.899899989366531372e-01
1.189999980852007866e+00 1.999849975109100342e-01
1.187999965623021126e+00 2.099750041961669922e-01
1.193000003695487976e+00 2.199800014495849609e-01
1.185999950394034386e+00 2.299800068140029907e-01
1.193000003695487976e+00 2.399750053882598877e-01
1.181000028736889362e+00 2.499749958515167236e-01
1.194000011309981346e+00 2.599749863147735596e-01
1.190999988466501236e+00 2.699750065803527832e-01
1.184999942779541016e+00 2.799899876117706299e-01
1.181000028736889362e+00 2.899850010871887207e-01
1.189999980852007866e+00 2.999700009822845459e-01
1.200000056996941566e+00 3.099800050258636475e-01
1.197000034153461456e+00 3.199700117111206055e-01
1.190999988466501236e+00 3.299750089645385742e-01
1.194000011309981346e+00 3.399800062179565430e-01
1.189999980852007866e+00 3.499749898910522461e-01
1.189999980852007866e+00 3.599750101566314697e-01
1.195000018924474716e+00 3.699649870395660400e-01
1.188999973237514496e+00 3.799749910831451416e-01
1.184000051580369473e+00 3.899799883365631104e-01
1.189999980852007866e+00 3.999750018119812012e-01
1.195000018924474716e+00 4.099900126457214355e-01
1.195000018924474716e+00 4.199700057506561279e-01
1.194000011309981346e+00 4.299649894237518311e-01
1.188999973237514496e+00 4.399999976158142090e-01
1.187999965623021126e+00 4.499799907207489014e-01
1.184000051580369473e+00 4.599699974060058594e-01
1.187999965623021126e+00 4.699949920177459717e-01
1.184999942779541016e+00 4.799700081348419189e-01
1.183000043965876102e+00 4.899750053882598877e-01
1.181000028736889362e+00 4.999800026416778564e-01
1.183000043965876102e+00 5.099750161170959473e-01
1.195000018924474716e+00 5.199699997901916504e-01
1.190999988466501236e+00 5.299749970436096191e-01
1.201999955810606480e+00 5.399749875068664551e-01
1.193000003695487976e+00 5.499650239944458008e-01
1.187999965623021126e+00 5.599750280380249023e-01
1.183000043965876102e+00 5.699750185012817383e-01
1.193000003695487976e+00 5.799649953842163086e-01
1.189999980852007866e+00 5.899749994277954102e-01
1.198000041767954826e+00 5.999749898910522461e-01
1.197000034153461456e+00 6.099650263786315918e-01
1.190999988466501236e+00 6.199700236320495605e-01
1.187999965623021126e+00 6.299800276756286621e-01
1.195000018924474716e+00 6.399750113487243652e-01
1.179000013507902622e+00 6.499649882316589355e-01
1.189999980852007866e+00 6.599799990653991699e-01
1.199000049382448196e+00 6.699699759483337402e-01
1.189999980852007866e+00 6.799700260162353516e-01
1.184999942779541016e+00 6.899849772453308105e-01
1.194000011309981346e+00 6.999650001525878906e-01
1.189999980852007866e+00 7.099699974060058594e-01
1.184000051580369473e+00 7.199749946594238281e-01
1.195000018924474716e+00 7.299699783325195312e-01
1.181000028736889362e+00 7.399650216102600098e-01
1.184999942779541016e+00 7.499700188636779785e-01
1.194000011309981346e+00 7.599700093269348145e-01
1.195000018924474716e+00 7.699699997901916504e-01
1.189999980852007866e+00 7.799749970436096191e-01
1.195000018924474716e+00 7.899799942970275879e-01
1.184000051580369473e+00 7.999650239944458008e-01
1.184000051580369473e+00 8.099799752235412598e-01
1.175999990664422512e+00 8.199700117111206055e-01
1.194000011309981346e+00 8.299800157546997070e-01
1.194000011309981346e+00 8.399749994277954102e-01
1.183000043965876102e+00 8.499649763107299805e-01
1.180000021122395992e+00 8.599699735641479492e-01
1.190999988466501236e+00 8.699749708175659180e-01
1.183000043965876102e+00 8.799750208854675293e-01
1.197000034153461456e+00 8.899750113487243652e-01
1.189999980852007866e+00 8.999750018119812012e-01
1.190999988466501236e+00 9.099799990653991699e-01
1.179000013507902622e+00 9.199749827384948730e-01
1.184999942779541016e+00 9.299799799919128418e-01
1.195000018924474716e+00 9.399799704551696777e-01
1.189999980852007866e+00 9.499700069427490234e-01
1.184999942779541016e+00 9.599800109863281250e-01
1.190999988466501236e+00 9.699850082397460938e-01
1.193000003695487976e+00 9.799749851226806641e-01
1.198000041767954826e+00 9.899749755859375000e-01
1.187999965623021126e+00 9.999799728393554688e-01
1.202999963425099850e+00 1.009974956512451172e+00
1.204999978654086590e+00 1.019974946975708008e+00
1.181000028736889362e+00 1.029979944229125977e+00
1.184999942779541016e+00 1.039975047111511230e+00
1.199000049382448196e+00 1.049975037574768066e+00
1.190999988466501236e+00 1.059980034828186035e+00
1.184999942779541016e+00 1.069980025291442871e+00
1.198000041767954826e+00 1.079975008964538574e+00
1.199000049382448196e+00 1.089980006217956543e+00
1.184999942779541016e+00 1.099974989891052246e+00
1.189999980852007866e+00 1.109979987144470215e+00
1.193000003695487976e+00 1.119974970817565918e+00
1.184999942779541016e+00 1.129979968070983887e+00
1.194000011309981346e+00 1.139974951744079590e+00
1.184000051580369473e+00 1.149979948997497559e+00
1.195000018924474716e+00 1.159980058670043945e+00
1.179000013507902622e+00 1.169980049133300781e+00
1.198000041767954826e+00 1.179975032806396484e+00
1.199000049382448196e+00 1.189975023269653320e+00
1.184999942779541016e+00 1.199975013732910156e+00
1.179000013507902622e+00 1.209969997406005859e+00
1.201999955810606480e+00 1.219980001449584961e+00
1.185999950394034386e+00 1.229974985122680664e+00
1.190999988466501236e+00 1.239974975585937500e+00
1.184000051580369473e+00 1.249974966049194336e+00
1.183000043965876102e+00 1.259974956512451172e+00
1.193000003695487976e+00 1.269970059394836426e+00
1.185999950394034386e+00 1.279975056648254395e+00
1.179000013507902622e+00 1.289970040321350098e+00
1.184000051580369473e+00 1.299970030784606934e+00
1.194000011309981346e+00 1.309980034828186035e+00
1.184999942779541016e+00 1.319970011711120605e+00
1.198000041767954826e+00 1.329975008964538574e+00
1.194000011309981346e+00 1.339980006217956543e+00
1.195000018924474716e+00 1.349974989891052246e+00
1.194000011309981346e+00 1.359974980354309082e+00
1.189999980852007866e+00 1.369969964027404785e+00
1.202999963425099850e+00 1.379974961280822754e+00
1.184000051580369473e+00 1.389969944953918457e+00
1.193000003695487976e+00 1.399974942207336426e+00
1.188999973237514496e+00 1.409970045089721680e+00
1.193000003695487976e+00 1.419975042343139648e+00
1.185999950394034386e+00 1.429975032806396484e+00
1.181000028736889362e+00 1.439980030059814453e+00
1.181000028736889362e+00 1.449980020523071289e+00
1.184000051580369473e+00 1.459969997406005859e+00
1.184999942779541016e+00 1.469985008239746094e+00
1.195000018924474716e+00 1.479984998703002930e+00
1.190999988466501236e+00 1.489969968795776367e+00
1.194000011309981346e+00 1.499969959259033203e+00
1.199000049382448196e+00 1.509984970092773438e+00
1.193000003695487976e+00 1.519970059394836426e+00
1.200000056996941566e+00 1.529970049858093262e+00
1.198000041767954826e+00 1.539970040321350098e+00
1.197000034153461456e+00 1.549965023994445801e+00
1.185999950394034386e+00 1.559970021247863770e+00
1.195000018924474716e+00 1.569975018501281738e+00
1.197000034153461456e+00 1.579964995384216309e+00
1.194000011309981346e+00 1.589964985847473145e+00
1.198000041767954826e+00 1.599969983100891113e+00
1.200000056996941566e+00 1.609974980354309082e+00
1.188999973237514496e+00 1.619964957237243652e+00
1.190999988466501236e+00 1.629974961280822754e+00
1.202999963425099850e+00 1.639965057373046875e+00
1.200000056996941566e+00 1.649970054626464844e+00
1.202999963425099850e+00 1.659980058670043945e+00
1.203999971039593220e+00 1.669975042343139648e+00
1.195000018924474716e+00 1.679965019226074219e+00
1.208000001497566700e+00 1.689980030059814453e+00
1.208000001497566700e+00 1.699970006942749023e+00
1.203999971039593220e+00 1.709969997406005859e+00
1.212000031955540180e+00 1.719985008239746094e+00
1.214000047184526920e+00 1.729974985122680664e+00
1.209000009112060070e+00 1.739964962005615234e+00
1.211000024341046810e+00 1.749979972839355469e+00
1.216999953612685204e+00 1.759974956512451172e+00
1.221999991685152054e+00 1.769974946975708008e+00
1.218999968841671944e+00 1.779975056648254395e+00
1.226000022143125534e+00 1.789975047111511230e+00
1.222999999299645424e+00 1.799970030784606934e+00
1.231999951414763927e+00 1.809975028038024902e+00
1.240000012330710888e+00 1.819970011711120605e+00
1.240000012330710888e+00 1.829975008964538574e+00
1.254000002518296242e+00 1.839980006217956543e+00
1.248999964445829391e+00 1.849979996681213379e+00
1.255000010132789612e+00 1.859969973564147949e+00
1.262999954633414745e+00 1.869974970817565918e+00
1.265999977476894855e+00 1.879969954490661621e+00
1.272000023163855076e+00 1.889969944953918457e+00
1.267999992705881596e+00 1.899974942207336426e+00
1.276999944821000099e+00 1.909975051879882812e+00
1.277999952435493469e+00 1.919970035552978516e+00
1.278999960049986839e+00 1.929970026016235352e+00
1.287000020965933800e+00 1.939975023269653320e+00
1.291000051423907280e+00 1.949975013732910156e+00
1.293999957852065563e+00 1.959969997406005859e+00
1.293999957852065563e+00 1.969985008239746094e+00
1.302000018768012524e+00 1.979974985122680664e+00
1.307999948039650917e+00 1.989964962005615234e+00
1.309999963268637657e+00 1.999969959259033203e+00
1.313999993726611137e+00 2.009974956512451172e+00
1.316000008955597878e+00 2.019974946975708008e+00
1.317000016570091248e+00 2.029979944229125977e+00
1.321000047028064728e+00 2.039969921112060547e+00
1.323999953456223011e+00 2.049979925155639648e+00
1.323999953456223011e+00 2.059969902038574219e+00
1.327999983914196491e+00 2.069974899291992188e+00
1.328999991528689861e+00 2.079969882965087891e+00
1.329999999143183231e+00 2.089970111846923828e+00
1.331000006757676601e+00 2.099980115890502930e+00
1.331000006757676601e+00 2.109980106353759766e+00
1.329999999143183231e+00 2.119975090026855469e+00
1.336000044830143452e+00 2.129980087280273438e+00
1.336000044830143452e+00 2.139975070953369141e+00
1.339999958872795105e+00 2.149975061416625977e+00
1.338999951258301735e+00 2.159975051879882812e+00
1.343999989330768585e+00 2.169975042343139648e+00
1.342999981716275215e+00 2.179970026016235352e+00
1.347000012174248695e+00 2.189980030059814453e+00
1.341999974101781845e+00 2.199980020523071289e+00
1.347000012174248695e+00 2.209975004196166992e+00
1.343999989330768585e+00 2.219980001449584961e+00
1.347000012174248695e+00 2.229974985122680664e+00
1.348000019788742065e+00 2.239969968795776367e+00
1.349000027403235435e+00 2.249974966049194336e+00
1.344999996945261955e+00 2.259974956512451172e+00
1.349000027403235435e+00 2.269969940185546875e+00
1.348000019788742065e+00 2.279974937438964844e+00
1.350000035017728806e+00 2.289974927902221680e+00
1.347000012174248695e+00 2.299969911575317383e+00
1.352000050246715546e+00 2.309974908828735352e+00
1.348000019788742065e+00 2.319969892501831055e+00
1.350000035017728806e+00 2.329969882965087891e+00
1.350000035017728806e+00 2.339979887008666992e+00
1.349000027403235435e+00 2.349975109100341797e+00
1.353999949060380459e+00 2.359975099563598633e+00
1.353999949060380459e+00 2.369980096817016602e+00
1.350000035017728806e+00 2.379985094070434570e+00
1.352000050246715546e+00 2.389975070953369141e+00
1.353999949060380459e+00 2.399980068206787109e+00
1.353999949060380459e+00 2.409975051879882812e+00
1.353000057861208916e+00 2.419975042343139648e+00
1.352000050246715546e+00 2.429975032806396484e+00
1.350000035017728806e+00 2.439990043640136719e+00
1.352000050246715546e+00 2.449980020523071289e+00
1.350000035017728806e+00 2.459969997406005859e+00
1.353000057861208916e+00 2.470000028610229492e+00
1.347000012174248695e+00 2.479974985122680664e+00
1.344999996945261955e+00 2.489974975585937500e+00
1.349000027403235435e+00 2.499989986419677734e+00
1.350000035017728806e+00 2.509979963302612305e+00
1.350000035017728806e+00 2.519969940185546875e+00
1.350000035017728806e+00 2.529989957809448242e+00
1.349000027403235435e+00 2.539969921112060547e+00
1.350000035017728806e+00 2.549969911575317383e+00
1.350000035017728806e+00 2.559979915618896484e+00
1.352000050246715546e+00 2.569969892501831055e+00
1.353999949060380459e+00 2.579969882965087891e+00
1.352000050246715546e+00 2.589994907379150391e+00
1.350000035017728806e+00 2.599975109100341797e+00
1.349000027403235435e+00 2.609970092773437500e+00
1.352000050246715546e+00 2.619970083236694336e+00
1.349000027403235435e+00 2.629995107650756836e+00
1.352000050246715546e+00 2.639970064163208008e+00
1.352000050246715546e+00 2.649965047836303711e+00
1.353000057861208916e+00 2.659985065460205078e+00
1.352000050246715546e+00 2.669980049133300781e+00
1.353000057861208916e+00 2.679970026016235352e+00
1.350000035017728806e+00 2.689985036849975586e+00
1.352000050246715546e+00 2.699970006942749023e+00
1.350000035017728806e+00 2.709969997406005859e+00
1.353000057861208916e+00 2.719974994659423828e+00
1.348000019788742065e+00 2.729974985122680664e+00
1.349000027403235435e+00 2.739974975585937500e+00
1.344999996945261955e+00 2.749969959259033203e+00
1.348000019788742065e+00 2.759969949722290039e+00
1.352000050246715546e+00 2.769964933395385742e+00
1.353999949060380459e+00 2.779974937438964844e+00
1.347000012174248695e+00 2.789974927902221680e+00
1.350000035017728806e+00 2.799974918365478516e+00
1.349000027403235435e+00 2.809979915618896484e+00
1.350000035017728806e+00 2.819969892501831055e+00
1.352000050246715546e+00 2.829969882965087891e+00
1.352000050246715546e+00 2.839975118637084961e+00
1.353000057861208916e+00 2.849975109100341797e+00
1.350000035017728806e+00 2.859970092773437500e+00
1.352000050246715546e+00 2.869980096817016602e+00
1.352000050246715546e+00 2.879975080490112305e+00
1.353999949060380459e+00 2.889970064163208008e+00
1.353000057861208916e+00 2.899980068206787109e+00
1.353999949060380459e+00 2.909975051879882812e+00
1.353000057861208916e+00 2.919965028762817383e+00
1.352000050246715546e+00 2.929975032806396484e+00
1.353000057861208916e+00 2.939980030059814453e+00
1.348000019788742065e+00 2.949975013732910156e+00
1.354999956674873829e+00 2.959969997406005859e+00
1.352000050246715546e+00 2.969985008239746094e+00
1.350000035017728806e+00 2.979974985122680664e+00
1.352000050246715546e+00 2.989974975585937500e+00
1.350000035017728806e+00 2.999979972839355469e+00
1.350000035017728806e+00 3.009974956512451172e+00
1.352000050246715546e+00 3.019974946975708008e+00
1.353999949060380459e+00 3.029969930648803711e+00
1.348000019788742065e+00 3.039979934692382812e+00
1.350000035017728806e+00 3.049979925155639648e+00
1.349000027403235435e+00 3.059974908828735352e+00
1.353000057861208916e+00 3.069974899291992188e+00
1.349000027403235435e+00 3.079979896545410156e+00
1.353999949060380459e+00 3.089975118637084961e+00
1.353999949060380459e+00 3.099980115890502930e+00
1.352000050246715546e+00 3.109975099563598633e+00
1.353000057861208916e+00 3.119970083236694336e+00
1.348000019788742065e+00 3.129980087280273438e+00
1.348000019788742065e+00 3.139975070953369141e+00
1.348000019788742065e+00 3.149980068206787109e+00
1.347000012174248695e+00 3.159980058670043945e+00
1.350000035017728806e+00 3.169980049133300781e+00
1.350000035017728806e+00 3.179970026016235352e+00
1.352000050246715546e+00 3.189980030059814453e+00
1.350000035017728806e+00 3.199980020523071289e+00
1.353000057861208916e+00 3.209975004196166992e+00
1.348000019788742065e+00 3.219974994659423828e+00
1.352000050246715546e+00 3.229979991912841797e+00
1.353999949060380459e+00 3.239974975585937500e+00
1.350000035017728806e+00 3.249984979629516602e+00
1.352000050246715546e+00 3.259974956512451172e+00
1.348000019788742065e+00 3.269974946975708008e+00
1.349000027403235435e+00 3.279979944229125977e+00
1.352000050246715546e+00 3.289974927902221680e+00
1.348000019788742065e+00 3.299969911575317383e+00
1.353999949060380459e+00 3.309984922409057617e+00
1.352000050246715546e+00 3.319979906082153320e+00
1.357999979518353939e+00 3.329974889755249023e+00
1.352000050246715546e+00 3.339979887008666992e+00
1.349000027403235435e+00 3.349975109100341797e+00
1.352000050246715546e+00 3.359975099563598633e+00
1.344999996945261955e+00 3.369980096817016602e+00
1.349000027403235435e+00 3.379970073699951172e+00
1.350000035017728806e+00 3.389980077743530273e+00
1.347000012174248695e+00 3.399965047836303711e+00
1.352000050246715546e+00 3.409970045089721680e+00
1.348000019788742065e+00 3.419980049133300781e+00
1.353000057861208916e+00 3.429970026016235352e+00
1.347000012174248695e+00 3.439965009689331055e+00
1.348000019788742065e+00 3.449980020523071289e+00
1.349000027403235435e+00 3.459980010986328125e+00
1.348000019788742065e+00 3.469985008239746094e+00
1.348000019788742065e+00 3.479969978332519531e+00
1.350000035017728806e+00 3.489969968795776367e+00
1.348000019788742065e+00 3.499974966049194336e+00
1.350000035017728806e+00 3.509979963302612305e+00
1.350000035017728806e+00 3.519969940185546875e+00
1.353000057861208916e+00 3.529989957809448242e+00
1.349000027403235435e+00 3.539969921112060547e+00
1.353000057861208916e+00 3.549969911575317383e+00
1.350000035017728806e+00 3.559974908828735352e+00
1.350000035017728806e+00 3.569974899291992188e+00
1.348000019788742065e+00 3.579965114593505859e+00
1.350000035017728806e+00 3.589975118637084961e+00
1.353000057861208916e+00 3.599975109100341797e+00
1.353999949060380459e+00 3.609970092773437500e+00
1.352000050246715546e+00 3.619970083236694336e+00
1.349000027403235435e+00 3.629990100860595703e+00
1.348000019788742065e+00 3.639975070953369141e+00
1.352000050246715546e+00 3.649970054626464844e+00
1.353000057861208916e+00 3.659995079040527344e+00
1.353000057861208916e+00 3.669975042343139648e+00
1.353000057861208916e+00 3.679970026016235352e+00
1.350000035017728806e+00 3.689975023269653320e+00
1.350000035017728806e+00 3.699975013732910156e+00
1.349000027403235435e+00 3.709975004196166992e+00
1.350000035017728806e+00 3.719969987869262695e+00
1.350000035017728806e+00 3.729974985122680664e+00
1.353000057861208916e+00 3.739969968795776367e+00
1.352000050246715546e+00 3.749979972839355469e+00
1.350000035017728806e+00 3.759974956512451172e+00
1.353000057861208916e+00 3.769974946975708008e+00
1.354999956674873829e+00 3.779969930648803711e+00
1.348000019788742065e+00 3.789979934692382812e+00
1.353000057861208916e+00 3.799974918365478516e+00
1.353000057861208916e+00 3.809984922409057617e+00
1.353999949060380459e+00 3.819979906082153320e+00
1.349000027403235435e+00 3.829969882965087891e+00
1.349000027403235435e+00 3.839979887008666992e+00
1.349000027403235435e+00 3.849970102310180664e+00
1.349000027403235435e+00 3.859975099563598633e+00
1.353999949060380459e+00 3.869980096817016602e+00
1.352000050246715546e+00 3.879975080490112305e+00
1.349000027403235435e+00 3.889985084533691406e+00
1.353000057861208916e+00 3.899975061416625977e+00
1.349000027403235435e+00 3.909985065460205078e+00
1.349000027403235435e+00 3.919980049133300781e+00
1.352000050246715546e+00 3.929975032806396484e+00
1.352000050246715546e+00 3.939975023269653320e+00
1.349000027403235435e+00 3.949975013732910156e+00
1.349000027403235435e+00 3.959975004196166992e+00
1.350000035017728806e+00 3.969980001449584961e+00
1.350000035017728806e+00 3.979974985122680664e+00
1.349000027403235435e+00 3.989974975585937500e+00
