1.244000042788684368e+00 1.739974975585937500e+00
1.242000027559697628e+00 1.749974966049194336e+00
1.248999964445829391e+00 1.759974956512451172e+00
1.245000050403177738e+00 1.769974946975708008e+00
1.246999949216842651e+00 1.779975056648254395e+00
1.246000058017671108e+00 1.789975047111511230e+00
1.250999979674816132e+00 1.799970030784606934e+00
1.258000032976269722e+00 1.809980034828186035e+00
1.260000048205256462e+00 1.819970011711120605e+00
1.267999992705881596e+00 1.829970002174377441e+00
1.269000000320374966e+00 1.839974999427795410e+00
1.273000030778348446e+00 1.849974989891052246e+00
1.276999944821000099e+00 1.859974980354309082e+00
1.281999982893466949e+00 1.869979977607727051e+00
1.281999982893466949e+00 1.879974961280822754e+00
1.283999998122453690e+00 1.889969944953918457e+00
1.296999980695545673e+00 1.899970054626464844e+00
1.300000003539025784e+00 1.909975051879882812e+00
1.300000003539025784e+00 1.919975042343139648e+00
1.307000056840479374e+00 1.929975032806396484e+00
1.310999970883131027e+00 1.939980030059814453e+00
1.317000016570091248e+00 1.949975013732910156e+00
1.319000031799077988e+00 1.959969997406005859e+00
1.323999953456223011e+00 1.969985008239746094e+00
1.321000047028064728e+00 1.979969978332519531e+00
1.322000054642558098e+00 1.989969968795776367e+00
1.327999983914196491e+00 1.999969959259033203e+00
1.329999999143183231e+00 2.009974956512451172e+00
1.336000044830143452e+00 2.019974946975708008e+00
1.339999958872795105e+00 2.029974937438964844e+00
1.343999989330768585e+00 2.039974927902221680e+00
1.348000019788742065e+00 2.049974918365478516e+00
1.348000019788742065e+00 2.059969902038574219e+00
1.354999956674873829e+00 2.069974899291992188e+00
1.354999956674873829e+00 2.079974889755249023e+00
1.358999987132847309e+00 2.089965105056762695e+00
