1.218999968841671944e+00 6.500000017695128918e-05
1.209000009112060070e+00 9.984999895095825195e-03
1.221999991685152054e+00 1.998000033199787140e-02
1.217999961227178574e+00 2.996999956667423248e-02
1.220999984070658684e+00 3.997499868273735046e-02
1.226000022143125534e+00 4.997500032186508179e-02
1.225000014528632164e+00 5.996999889612197876e-02
1.214000047184526920e+00 6.997500360012054443e-02
1.216999953612685204e+00 7.997500151395797729e-02
1.215999945998191833e+00 8.997499942779541016e-02
1.215999945998191833e+00 9.997499734163284302e-02
1.216999953612685204e+00 1.099750027060508728e-01
1.216999953612685204e+00 1.199750006198883057e-01
1.220999984070658684e+00 1.299799978733062744e-01
1.216999953612685204e+00 1.399749964475631714e-01
1.226000022143125534e+00 1.499799937009811401e-01
1.228000037372112274e+00 1.599799990653991699e-01
1.217999961227178574e+00 1.699800044298171997e-01
1.220999984070658684e+00 1.799799948930740356e-01
1.221999991685152054e+00 1.899800002574920654e-01
1.217999961227178574e+00 1.999800056219100952e-01
1.221999991685152054e+00 2.099750041961669922e-01
1.221999991685152054e+00 2.199800014495849609e-01
1.217999961227178574e+00 2.299800068140029907e-01
1.221999991685152054e+00 2.399750053882598877e-01
1.215999945998191833e+00 2.499800026416778564e-01
1.215999945998191833e+00 2.599749863147735596e-01
1.220999984070658684e+00 2.699800133705139160e-01
1.217999961227178574e+00 2.799899876117706299e-01
1.217999961227178574e+00 2.899799942970275879e-01
1.218999968841671944e+00 2.999649941921234131e-01
1.226000022143125534e+00 3.099800050258636475e-01
1.214000047184526920e+00 3.199700117111206055e-01
1.221999991685152054e+00 3.299750089645385742e-01
1.218999968841671944e+00 3.399800062179565430e-01
1.218999968841671944e+00 3.499799966812133789e-01
1.227000029757618904e+00 3.599750101566314697e-01
1.220999984070658684e+00 3.699699938297271729e-01
1.225000014528632164e+00 3.799749910831451416e-01
1.215999945998191833e+00 3.899750113487243652e-01
1.217999961227178574e+00 3.999750018119812012e-01
1.222999999299645424e+00 4.099949896335601807e-01
1.221999991685152054e+00 4.199700057506561279e-01
1.211000024341046810e+00 4.299699962139129639e-01
1.217999961227178574e+00 4.400149881839752197e-01
1.225000014528632164e+00 4.499849975109100342e-01
1.222999999299645424e+00 4.599699974060058594e-01
1.216999953612685204e+00 4.699949920177459717e-01
1.221999991685152054e+00 4.799749851226806641e-01
1.212000031955540180e+00 4.899699985980987549e-01
1.225000014528632164e+00 4.999850094318389893e-01
1.214000047184526920e+00 5.099750161170959473e-01
1.217999961227178574e+00 5.199699997901916504e-01
1.220999984070658684e+00 5.299749970436096191e-01
1.216999953612685204e+00 5.399749875068664551e-01
1.216999953612685204e+00 5.499699711799621582e-01
1.214000047184526920e+00 5.599750280380249023e-01
1.215999945998191833e+00 5.699750185012817383e-01
1.213000039570033550e+00 5.799700021743774414e-01
1.221999991685152054e+00 5.899749994277954102e-01
1.216999953612685204e+00 5.999749898910522461e-01
1.213000039570033550e+00 6.099699735641479492e-01
1.231999951414763927e+00 6.199700236320495605e-01
1.215999945998191833e+00 6.299800276756286621e-01
1.216999953612685204e+00 6.399750113487243652e-01
1.214000047184526920e+00 6.499699950218200684e-01
1.216999953612685204e+00 6.599850058555603027e-01
1.217999961227178574e+00 6.699650287628173828e-01
1.216999953612685204e+00 6.799700260162353516e-01
1.212000031955540180e+00 6.899799704551696777e-01
1.213000039570033550e+00 6.999650001525878906e-01
1.220999984070658684e+00 7.099699974060058594e-01
1.220999984070658684e+00 7.199749946594238281e-01
1.220999984070658684e+00 7.299699783325195312e-01
1.226000022143125534e+00 7.399650216102600098e-01
1.215999945998191833e+00 7.499700188636779785e-01
1.225000014528632164e+00 7.599700093269348145e-01
1.221999991685152054e+00 7.699699997901916504e-01
1.225000014528632164e+00 7.799749970436096191e-01
1.209000009112060070e+00 7.899749875068664551e-01
1.218999968841671944e+00 7.999699711799621582e-01
1.214000047184526920e+00 8.099700212478637695e-01
1.220999984070658684e+00 8.199750185012817383e-01
1.215999945998191833e+00 8.299700021743774414e-01
1.215999945998191833e+00 8.399749994277954102e-01
1.218999968841671944e+00 8.499749898910522461e-01
1.217999961227178574e+00 8.599749803543090820e-01
1.222999999299645424e+00 8.699749708175659180e-01
1.216999953612685204e+00 8.799800276756286621e-01
1.220999984070658684e+00 8.899750113487243652e-01
1.217999961227178574e+00 8.999750018119812012e-01
1.215999945998191833e+00 9.099850058555603027e-01
1.217999961227178574e+00 9.199749827384948730e-01
1.211000024341046810e+00 9.299749732017517090e-01
1.226000022143125534e+00 9.399750232696533203e-01
1.212000031955540180e+00 9.499750137329101562e-01
1.221999991685152054e+00 9.599750041961669922e-01
1.213000039570033550e+00 9.699850082397460938e-01
1.218999968841671944e+00 9.799749851226806641e-01
1.214000047184526920e+00 9.899749755859375000e-01
1.225000014528632164e+00 9.999750256538391113e-01
1.217999961227178574e+00 1.009974956512451172e+00
1.217999961227178574e+00 1.019974946975708008e+00
1.218999968841671944e+00 1.029979944229125977e+00
1.218999968841671944e+00 1.039975047111511230e+00
1.216999953612685204e+00 1.049975037574768066e+00
1.222999999299645424e+00 1.059980034828186035e+00
1.218999968841671944e+00 1.069975018501281738e+00
1.220999984070658684e+00 1.079980015754699707e+00
1.222999999299645424e+00 1.089980006217956543e+00
1.211000024341046810e+00 1.099974989891052246e+00
1.225000014528632164e+00 1.109974980354309082e+00
1.217999961227178574e+00 1.119979977607727051e+00
1.216999953612685204e+00 1.129979968070983887e+00
1.220999984070658684e+00 1.139969944953918457e+00
1.218999968841671944e+00 1.149974942207336426e+00
1.216999953612685204e+00 1.159980058670043945e+00
1.222999999299645424e+00 1.169975042343139648e+00
1.218999968841671944e+00 1.179975032806396484e+00
1.215999945998191833e+00 1.189975023269653320e+00
1.216999953612685204e+00 1.199970006942749023e+00
1.225000014528632164e+00 1.209975004196166992e+00
1.214000047184526920e+00 1.219974994659423828e+00
1.216999953612685204e+00 1.229974985122680664e+00
1.227000029757618904e+00 1.239969968795776367e+00
1.214000047184526920e+00 1.249969959259033203e+00
1.220999984070658684e+00 1.259974956512451172e+00
1.222999999299645424e+00 1.269970059394836426e+00
1.212000031955540180e+00 1.279979944229125977e+00
1.216999953612685204e+00 1.289975047111511230e+00
1.225000014528632164e+00 1.299970030784606934e+00
1.216999953612685204e+00 1.309975028038024902e+00
1.216999953612685204e+00 1.319970011711120605e+00
1.221999991685152054e+00 1.329975008964538574e+00
1.218999968841671944e+00 1.339974999427795410e+00
1.218999968841671944e+00 1.349974989891052246e+00
1.222999999299645424e+00 1.359974980354309082e+00
1.214000047184526920e+00 1.369974970817565918e+00
1.226000022143125534e+00 1.379984974861145020e+00
1.221999991685152054e+00 1.389974951744079590e+00
1.216999953612685204e+00 1.399970054626464844e+00
1.220999984070658684e+00 1.409970045089721680e+00
1.217999961227178574e+00 1.419975042343139648e+00
1.217999961227178574e+00 1.429985046386718750e+00
1.226000022143125534e+00 1.439980030059814453e+00
1.220999984070658684e+00 1.449980020523071289e+00
1.217999961227178574e+00 1.459975004196166992e+00
1.220999984070658684e+00 1.469985008239746094e+00
1.220999984070658684e+00 1.479974985122680664e+00
1.230000052601099014e+00 1.489964962005615234e+00
1.228000037372112274e+00 1.499979972839355469e+00
1.217999961227178574e+00 1.509979963302612305e+00
1.220999984070658684e+00 1.519974946975708008e+00
1.217999961227178574e+00 1.529970049858093262e+00
1.222999999299645424e+00 1.539980053901672363e+00
1.222999999299645424e+00 1.549965023994445801e+00
1.230999943800270557e+00 1.559975028038024902e+00
1.221999991685152054e+00 1.569970011711120605e+00
1.226000022143125534e+00 1.579964995384216309e+00
1.227000029757618904e+00 1.589969992637634277e+00
1.218999968841671944e+00 1.599969983100891113e+00
1.230000052601099014e+00 1.609974980354309082e+00
1.222999999299645424e+00 1.619959950447082520e+00
1.221999991685152054e+00 1.629979968070983887e+00
1.226000022143125534e+00 1.639965057373046875e+00
1.234999974258244038e+00 1.649970054626464844e+00
1.228000037372112274e+00 1.659975051879882812e+00
1.230000052601099014e+00 1.669980049133300781e+00
1.226000022143125534e+00 1.679970026016235352e+00
1.220999984070658684e+00 1.689980030059814453e+00
1.230999943800270557e+00 1.699975013732910156e+00
1.230999943800270557e+00 1.709975004196166992e+00
1.230999943800270557e+00 1.719974994659423828e+00
1.230999943800270557e+00 1.729974985122680664e+00
1.244000042788684368e+00 1.739974975585937500e+00
1.242000027559697628e+00 1.749974966049194336e+00
1.248999964445829391e+00 1.759974956512451172e+00
1.245000050403177738e+00 1.769974946975708008e+00
1.246999949216842651e+00 1.779975056648254395e+00
1.246000058017671108e+00 1.789975047111511230e+00
1.250999979674816132e+00 1.799970030784606934e+00
1.258000032976269722e+00 1.809980034828186035e+00
1.260000048205256462e+00 1.819970011711120605e+00
1.267999992705881596e+00 1.829970002174377441e+00
1.269000000320374966e+00 1.839974999427795410e+00
1.273000030778348446e+00 1.849974989891052246e+00
1.276999944821000099e+00 1.859974980354309082e+00
1.281999982893466949e+00 1.869979977607727051e+00
1.281999982893466949e+00 1.879974961280822754e+00
1.283999998122453690e+00 1.889969944953918457e+00
1.296999980695545673e+00 1.899970054626464844e+00
1.300000003539025784e+00 1.909975051879882812e+00
1.300000003539025784e+00 1.919975042343139648e+00
1.307000056840479374e+00 1.929975032806396484e+00
1.310999970883131027e+00 1.939980030059814453e+00
1.317000016570091248e+00 1.949975013732910156e+00
1.319000031799077988e+00 1.959969997406005859e+00
1.323999953456223011e+00 1.969985008239746094e+00
1.321000047028064728e+00 1.979969978332519531e+00
1.322000054642558098e+00 1.989969968795776367e+00
1.327999983914196491e+00 1.999969959259033203e+00
1.329999999143183231e+00 2.009974956512451172e+00
1.336000044830143452e+00 2.019974946975708008e+00
1.339999958872795105e+00 2.029974937438964844e+00
1.343999989330768585e+00 2.039974927902221680e+00
1.348000019788742065e+00 2.049974918365478516e+00
1.348000019788742065e+00 2.059969902038574219e+00
1.354999956674873829e+00 2.069974899291992188e+00
1.354999956674873829e+00 2.079974889755249023e+00
1.358999987132847309e+00 2.089965105056762695e+00
1.361000002361834049e+00 2.099975109100341797e+00
1.362000009976327419e+00 2.109975099563598633e+00
1.361000002361834049e+00 2.119975090026855469e+00
1.366000040434300900e+00 2.129975080490112305e+00
1.362000009976327419e+00 2.139975070953369141e+00
1.364000025205314159e+00 2.149975061416625977e+00
1.367000048048794270e+00 2.159970045089721680e+00
1.366000040434300900e+00 2.169975042343139648e+00
1.367000048048794270e+00 2.179970026016235352e+00
1.368000055663287640e+00 2.189980030059814453e+00
1.367000048048794270e+00 2.199975013732910156e+00
1.366000040434300900e+00 2.209975004196166992e+00
1.368999946862459183e+00 2.219980001449584961e+00
1.368000055663287640e+00 2.229974985122680664e+00
1.371999969705939293e+00 2.239974975585937500e+00
1.367000048048794270e+00 2.249979972839355469e+00
1.370999962091445923e+00 2.259974956512451172e+00
1.367000048048794270e+00 2.269969940185546875e+00
1.370999962091445923e+00 2.279969930648803711e+00
1.368000055663287640e+00 2.289974927902221680e+00
1.372999977320432663e+00 2.299974918365478516e+00
1.370999962091445923e+00 2.309979915618896484e+00
1.370999962091445923e+00 2.319979906082153320e+00
1.370999962091445923e+00 2.329969882965087891e+00
1.368000055663287640e+00 2.339975118637084961e+00
1.370999962091445923e+00 2.349980115890502930e+00
1.371999969705939293e+00 2.359975099563598633e+00
1.371999969705939293e+00 2.369980096817016602e+00
1.374999992549419403e+00 2.379980087280273438e+00
1.371999969705939293e+00 2.389970064163208008e+00
1.376000000163912773e+00 2.399975061416625977e+00
1.372999977320432663e+00 2.409970045089721680e+00
1.372999977320432663e+00 2.419970035552978516e+00
1.371999969705939293e+00 2.429980039596557617e+00
1.368000055663287640e+00 2.439990043640136719e+00
1.370999962091445923e+00 2.449975013732910156e+00
1.370999962091445923e+00 2.459975004196166992e+00
1.374999992549419403e+00 2.469990015029907227e+00
1.371999969705939293e+00 2.479974985122680664e+00
1.376000000163912773e+00 2.489974975585937500e+00
1.372999977320432663e+00 2.499989986419677734e+00
1.372999977320432663e+00 2.509974956512451172e+00
1.374999992549419403e+00 2.519974946975708008e+00
1.370999962091445923e+00 2.529984951019287109e+00
1.372999977320432663e+00 2.539969921112060547e+00
1.374999992549419403e+00 2.549959897994995117e+00
1.371999969705939293e+00 2.559979915618896484e+00
1.371999969705939293e+00 2.569964885711669922e+00
1.371999969705939293e+00 2.579965114593505859e+00
1.371999969705939293e+00 2.589975118637084961e+00
1.368999946862459183e+00 2.599970102310180664e+00
1.374999992549419403e+00 2.609975099563598633e+00
1.372999977320432663e+00 2.619965076446533203e+00
1.374999992549419403e+00 2.629985094070434570e+00
1.368999946862459183e+00 2.639975070953369141e+00
1.370999962091445923e+00 2.649970054626464844e+00
1.374999992549419403e+00 2.659980058670043945e+00
1.370999962091445923e+00 2.669980049133300781e+00
1.372999977320432663e+00 2.679980039596557617e+00
1.370999962091445923e+00 2.689975023269653320e+00
1.372999977320432663e+00 2.699970006942749023e+00
1.371999969705939293e+00 2.709964990615844727e+00
1.372999977320432663e+00 2.719969987869262695e+00
1.370999962091445923e+00 2.729974985122680664e+00
1.370999962091445923e+00 2.739974975585937500e+00
1.370999962091445923e+00 2.749969959259033203e+00
1.370999962091445923e+00 2.759969949722290039e+00
1.371999969705939293e+00 2.769969940185546875e+00
1.372999977320432663e+00 2.779969930648803711e+00
1.371999969705939293e+00 2.789974927902221680e+00
1.371999969705939293e+00 2.799964904785156250e+00
1.374999992549419403e+00 2.809974908828735352e+00
1.377000007778406143e+00 2.819964885711669922e+00
1.372999977320432663e+00 2.829969882965087891e+00
1.372999977320432663e+00 2.839979887008666992e+00
1.372999977320432663e+00 2.849975109100341797e+00
1.374999992549419403e+00 2.859975099563598633e+00
1.376000000163912773e+00 2.869975090026855469e+00
1.371999969705939293e+00 2.879970073699951172e+00
1.372999977320432663e+00 2.889975070953369141e+00
1.374999992549419403e+00 2.899975061416625977e+00
1.374999992549419403e+00 2.909980058670043945e+00
1.372999977320432663e+00 2.919970035552978516e+00
1.371999969705939293e+00 2.929970026016235352e+00
1.374999992549419403e+00 2.939975023269653320e+00
1.372999977320432663e+00 2.949975013732910156e+00
1.371999969705939293e+00 2.959969997406005859e+00
1.372999977320432663e+00 2.969980001449584961e+00
1.370999962091445923e+00 2.979974985122680664e+00
1.372999977320432663e+00 2.989974975585937500e+00
1.372999977320432663e+00 2.999984979629516602e+00
1.370999962091445923e+00 3.009979963302612305e+00
1.371999969705939293e+00 3.019974946975708008e+00
1.374999992549419403e+00 3.029979944229125977e+00
1.371999969705939293e+00 3.039974927902221680e+00
1.372999977320432663e+00 3.049979925155639648e+00
1.376000000163912773e+00 3.059974908828735352e+00
1.370999962091445923e+00 3.069979906082153320e+00
1.377000007778406143e+00 3.079974889755249023e+00
1.372999977320432663e+00 3.089975118637084961e+00
1.371999969705939293e+00 3.099980115890502930e+00
1.372999977320432663e+00 3.109980106353759766e+00
1.368000055663287640e+00 3.119975090026855469e+00
1.370999962091445923e+00 3.129995107650756836e+00
1.374999992549419403e+00 3.139980077743530273e+00
1.370999962091445923e+00 3.149975061416625977e+00
1.371999969705939293e+00 3.159975051879882812e+00
1.376000000163912773e+00 3.169980049133300781e+00
1.370999962091445923e+00 3.179970026016235352e+00
1.372999977320432663e+00 3.189980030059814453e+00
1.372999977320432663e+00 3.199980020523071289e+00
1.374999992549419403e+00 3.209980010986328125e+00
1.371999969705939293e+00 3.219974994659423828e+00
1.371999969705939293e+00 3.229974985122680664e+00
1.371999969705939293e+00 3.239969968795776367e+00
1.370999962091445923e+00 3.249979972839355469e+00
1.372999977320432663e+00 3.259974956512451172e+00
1.376000000163912773e+00 3.269974946975708008e+00
1.374999992549419403e+00 3.279979944229125977e+00
1.376000000163912773e+00 3.289984941482543945e+00
1.374999992549419403e+00 3.299974918365478516e+00
1.376000000163912773e+00 3.309984922409057617e+00
1.372999977320432663e+00 3.319979906082153320e+00
1.376000000163912773e+00 3.329969882965087891e+00
1.370999962091445923e+00 3.339979887008666992e+00
1.370999962091445923e+00 3.349980115890502930e+00
1.370999962091445923e+00 3.359970092773437500e+00
1.372999977320432663e+00 3.369980096817016602e+00
1.376000000163912773e+00 3.379975080490112305e+00
1.374999992549419403e+00 3.389975070953369141e+00
1.372999977320432663e+00 3.399980068206787109e+00
1.370999962091445923e+00 3.409970045089721680e+00
1.372999977320432663e+00 3.419970035552978516e+00
1.374999992549419403e+00 3.429975032806396484e+00
1.371999969705939293e+00 3.439975023269653320e+00
1.376000000163912773e+00 3.449975013732910156e+00
1.371999969705939293e+00 3.459980010986328125e+00
1.372999977320432663e+00 3.469980001449584961e+00
1.371999969705939293e+00 3.479964971542358398e+00
1.372999977320432663e+00 3.489969968795776367e+00
1.372999977320432663e+00 3.499974966049194336e+00
1.374999992549419403e+00 3.509969949722290039e+00
1.374999992549419403e+00 3.519969940185546875e+00
1.372999977320432663e+00 3.529999971389770508e+00
1.376000000163912773e+00 3.539974927902221680e+00
1.372999977320432663e+00 3.549969911575317383e+00
1.372999977320432663e+00 3.559974908828735352e+00
1.372999977320432663e+00 3.569974899291992188e+00
1.372999977320432663e+00 3.579969882965087891e+00
1.371999969705939293e+00 3.589970111846923828e+00
1.374999992549419403e+00 3.599989891052246094e+00
1.374999992549419403e+00 3.609975099563598633e+00
1.372999977320432663e+00 3.619965076446533203e+00
1.374999992549419403e+00 3.629985094070434570e+00
1.377000007778406143e+00 3.639965057373046875e+00
1.374999992549419403e+00 3.649970054626464844e+00
1.376000000163912773e+00 3.659980058670043945e+00
1.372999977320432663e+00 3.669975042343139648e+00
1.374999992549419403e+00 3.679970026016235352e+00
1.376000000163912773e+00 3.689980030059814453e+00
1.374999992549419403e+00 3.699975013732910156e+00
1.374999992549419403e+00 3.709975004196166992e+00
1.374999992549419403e+00 3.719974994659423828e+00
1.371999969705939293e+00 3.729974985122680664e+00
1.371999969705939293e+00 3.739969968795776367e+00
1.372999977320432663e+00 3.749979972839355469e+00
1.374999992549419403e+00 3.759974956512451172e+00
1.376000000163912773e+00 3.769979953765869141e+00
1.376000000163912773e+00 3.779979944229125977e+00
1.374999992549419403e+00 3.789979934692382812e+00
1.372999977320432663e+00 3.799974918365478516e+00
1.374999992549419403e+00 3.809974908828735352e+00
1.374999992549419403e+00 3.819979906082153320e+00
1.372999977320432663e+00 3.829969882965087891e+00
1.372999977320432663e+00 3.839970111846923828e+00
1.374999992549419403e+00 3.849975109100341797e+00
1.376000000163912773e+00 3.859970092773437500e+00
1.370999962091445923e+00 3.869975090026855469e+00
1.372999977320432663e+00 3.879980087280273438e+00
1.371999969705939293e+00 3.889980077743530273e+00
1.372999977320432663e+00 3.899985074996948242e+00
1.374999992549419403e+00 3.909980058670043945e+00
1.376000000163912773e+00 3.919975042343139648e+00
1.374999992549419403e+00 3.929980039596557617e+00
1.374999992549419403e+00 3.939980030059814453e+00
1.376000000163912773e+00 3.949975013732910156e+00
1.372999977320432663e+00 3.959980010986328125e+00
1.371999969705939293e+00 3.969974994659423828e+00
1.372999977320432663e+00 3.979974985122680664e+00
1.370999962091445923e+00 3.989969968795776367e+00
