1.729969978332519531e+00
1.739969968795776367e+00
1.749974966049194336e+00
1.759974956512451172e+00
1.769974946975708008e+00
1.779975056648254395e+00
1.789975047111511230e+00
1.799965023994445801e+00
1.809980034828186035e+00
1.819975018501281738e+00
1.829970002174377441e+00
1.839969992637634277e+00
1.849969983100891113e+00
1.859974980354309082e+00
1.869979977607727051e+00
1.879969954490661621e+00
1.889965057373046875e+00
1.899960041046142578e+00
1.909975051879882812e+00
1.919970035552978516e+00
1.929970026016235352e+00
1.939975023269653320e+00
1.949970006942749023e+00
1.959964990615844727e+00
1.969980001449584961e+00
1.979969978332519531e+00
1.989969968795776367e+00
1.999969959259033203e+00
2.009969949722290039e+00
2.019969940185546875e+00
2.029969930648803711e+00
2.039969921112060547e+00
2.049969911575317383e+00
2.059964895248413086e+00
2.069974899291992188e+00
2.079974889755249023e+00
2.089970111846923828e+00
2.099975109100341797e+00
2.109975099563598633e+00
2.119975090026855469e+00
2.129975080490112305e+00
2.139975070953369141e+00
