1.267999992705881596e+00
1.267999992705881596e+00
1.269000000320374966e+00
1.270000007934868336e+00
1.278999960049986839e+00
1.275000046007335186e+00
1.276999944821000099e+00
1.283999998122453690e+00
1.286000013351440430e+00
1.286000013351440430e+00
1.279999967664480209e+00
1.291999942623078823e+00
1.291000051423907280e+00
1.301000011153519154e+00
1.293999957852065563e+00
1.309999963268637657e+00
1.313999993726611137e+00
1.313999993726611137e+00
1.319000031799077988e+00
1.317000016570091248e+00
1.320000039413571358e+00
1.323999953456223011e+00
1.329999999143183231e+00
1.333000021986663342e+00
1.336000044830143452e+00
1.341999974101781845e+00
1.348000019788742065e+00
1.353999949060380459e+00
1.353000057861208916e+00
1.356999971903860569e+00
1.362000009976327419e+00
1.361000002361834049e+00
1.366000040434300900e+00
1.367000048048794270e+00
1.366000040434300900e+00
1.370999962091445923e+00
1.371999969705939293e+00
1.371999969705939293e+00
1.376000000163912773e+00
1.378000015392899513e+00
1.380000030621886253e+00
1.383000053465366364e+00
