0.001366	0.000060
0.001363	0.009990
0.001364	0.019985
0.001366	0.029975
0.001366	0.039985
0.001364	0.049980
0.001363	0.059980
0.001363	0.069990
0.001363	0.079985
0.001363	0.089990
0.001363	0.099990
0.001363	0.109995
0.001364	0.119995
0.001364	0.129990
0.001364	0.139980
0.001364	0.149975
0.001364	0.159980
0.001366	0.169985
0.001363	0.179990
0.001363	0.189975
0.001366	0.199985
0.001364	0.209985
0.001362	0.219975
0.001363	0.229985
0.001364	0.239970
0.001364	0.249980
0.001364	0.259985
0.001364	0.269985
0.001363	0.279975
0.001363	0.289985
0.001362	0.299975
0.001362	0.309975
0.001364	0.319995
0.001366	0.329990
0.001364	0.339990
0.001362	0.349990
0.001363	0.359980
0.001366	0.369975
0.001364	0.379990
0.001363	0.389985
0.001364	0.399995
0.001364	0.410010
0.001364	0.419980
0.001367	0.429990
0.001364	0.440000
0.001364	0.449980
0.001366	0.459985
0.001366	0.469980
0.001364	0.479985
0.001362	0.489980
0.001364	0.499995
0.001366	0.509980
0.001362	0.519975
0.001362	0.529975
0.001362	0.540025
0.001363	0.549990
0.001362	0.559970
0.001363	0.570005
0.001364	0.579995
0.001363	0.589975
0.001366	0.599985
0.001363	0.610000
0.001363	0.619990
0.001363	0.629975
0.001363	0.639985
0.001364	0.649975
0.001362	0.659975
0.001363	0.669990
0.001362	0.679985
0.001363	0.689975
0.001364	0.699995
0.001362	0.709985
0.001364	0.719975
0.001363	0.729985
0.001362	0.739980
0.001361	0.749975
0.001362	0.759995
0.001363	0.769975
0.001364	0.779980
0.001364	0.789985
0.001363	0.799980
0.001364	0.809970
0.001363	0.819980
0.001363	0.829990
0.001362	0.839980
0.001362	0.849980
0.001362	0.859975
0.001361	0.869975
0.001364	0.879980
0.001366	0.889975
0.001362	0.899980
0.001362	0.909975
0.001361	0.919975
0.001363	0.929975
0.001362	0.939980
0.001362	0.949975
0.001364	0.959980
0.001363	0.969980
0.001363	0.979990
0.001363	0.989980
0.001363	0.999985
0.001361	1.009985
0.001366	1.019975
0.001362	1.029975
0.001362	1.039985
0.001363	1.049975
0.001362	1.059985
0.001362	1.069995
0.001362	1.079985
0.001362	1.089980
0.001363	1.099980
0.001363	1.109985
0.001364	1.119985
0.001363	1.129985
0.001364	1.139975
0.001361	1.149975
0.001363	1.159975
0.001363	1.169975
0.001364	1.179980
0.001361	1.189980
0.001364	1.199985
0.001361	1.209985
0.001363	1.219975
0.001364	1.229990
0.001362	1.239980
0.001363	1.249980
0.001362	1.259990
0.001362	1.269985
0.001364	1.279985
0.001362	1.289975
0.001358	1.299975
0.001362	1.309975
0.001361	1.319980
0.001366	1.329980
0.001364	1.339980
0.001362	1.349985
0.001361	1.359980
0.001363	1.369980
0.001363	1.379990
0.001363	1.389980
0.001361	1.399975
0.001364	1.409990
0.001363	1.419985
0.001363	1.429975
0.001363	1.439990
0.001363	1.449975
0.001361	1.459975
0.001363	1.469975
0.001363	1.479985
0.001362	1.489970
0.001363	1.499980
0.001362	1.509990
0.001362	1.519975
0.001361	1.529975
0.001363	1.539985
0.001363	1.549975
0.001362	1.559965
0.001363	1.569995
0.001363	1.579980
0.001362	1.589970
0.001364	1.599985
0.001358	1.609980
0.001361	1.619995
0.001361	1.629985
0.001362	1.639975
0.001361	1.649975
0.001361	1.659970
0.001361	1.669980
0.001363	1.679975
0.001362	1.689975
0.001363	1.699985
0.001362	1.709975
0.001362	1.719975
0.001363	1.729980
0.001359	1.739975
0.001362	1.749970
0.001358	1.759980
0.001362	1.769975
0.001357	1.779975
0.001357	1.789980
0.001355	1.799975
0.001355	1.809970
0.001352	1.819985
0.001352	1.829985
0.001352	1.839985
0.001347	1.849980
0.001345	1.859985
0.001345	1.869980
0.001343	1.879980
0.001342	1.889980
0.001338	1.899980
0.001331	1.909980
0.001330	1.919980
0.001329	1.929975
0.001322	1.939980
0.001320	1.949975
0.001321	1.959975
0.001315	1.969985
0.001312	1.979970
0.001311	1.989975
0.001305	1.999980
0.001300	2.009975
0.001294	2.019970
0.001289	2.029975
0.001282	2.039985
0.001277	2.049975
0.001273	2.059975
0.001265	2.069980
0.001259	2.079985
0.001258	2.089970
0.001249	2.099975
0.001235	2.109980
0.001228	2.119980
0.001226	2.129980
0.001221	2.139975
0.001209	2.149980
0.001207	2.159980
0.001203	2.169980
0.001194	2.179985
0.001181	2.189975
0.001181	2.199980
0.001183	2.209975
0.001155	2.219975
0.001166	2.229985
0.001156	2.239985
0.001144	2.249985
0.001136	2.259985
0.001144	2.269975
0.001141	2.279980
0.001123	2.289990
0.001144	2.299985
0.001139	2.309970
0.001124	2.319980
0.001109	2.329980
0.001110	2.339980
0.001119	2.349975
0.001106	2.359985
0.001102	2.369975
0.001119	2.379975
0.001108	2.389975
0.001119	2.399970
0.001114	2.409980
0.001105	2.419975
0.001099	2.429980
0.001102	2.439980
0.001108	2.449970
0.001110	2.459970
0.001087	2.469980
0.001115	2.479975
0.001120	2.489970
0.001086	2.499980
0.001097	2.509975
0.001085	2.519980
0.001120	2.529975
0.001105	2.539995
0.001085	2.549975
0.001099	2.559965
0.001097	2.569990
0.001076	2.579985
0.001083	2.589975
0.001100	2.599985
0.001080	2.609980
0.001113	2.619990
0.001095	2.629975
0.001105	2.639975
0.001096	2.649970
0.001097	2.659970
0.001097	2.669980
0.001077	2.679975
0.001097	2.689975
0.001111	2.699980
0.001088	2.709985
0.001095	2.719980
0.001104	2.729980
0.001097	2.739980
0.001092	2.749975
0.001100	2.759980
0.001086	2.769975
0.001082	2.779975
0.001108	2.789985
0.001099	2.799980
0.001092	2.809975
0.001086	2.819985
0.001091	2.829980
0.001090	2.839980
0.001095	2.849980
0.001082	2.859975
0.001086	2.869980
0.001100	2.879985
0.001095	2.889985
0.001095	2.899975
0.001087	2.909980
0.001080	2.919980
0.001082	2.929970
0.001095	2.939980
0.001094	2.949975
0.001081	2.959975
0.001100	2.969975
0.001076	2.979980
0.001105	2.989975
0.001096	2.999985
0.001066	3.009975
0.001102	3.019980
0.001091	3.029980
0.001091	3.039980
0.001096	3.049975
0.001096	3.059975
0.001064	3.069975
0.001083	3.079980
0.001106	3.089975
0.001076	3.099975
0.001096	3.109985
0.001094	3.119980
0.001100	3.129980
0.001106	3.139980
0.001076	3.149975
0.001097	3.159975
0.001109	3.169995
0.001086	3.179975
0.001102	3.189980
0.001094	3.199985
0.001104	3.209980
0.001101	3.219980
0.001102	3.229985
0.001108	3.239980
0.001099	3.249980
0.001099	3.259995
0.001101	3.269975
0.001067	3.279980
0.001099	3.289980
0.001106	3.299985
0.001105	3.309970
0.001064	3.319975
0.001115	3.329975
0.001104	3.339975
0.001072	3.349975
0.001074	3.359975
0.001076	3.369970
0.001095	3.379990
0.001085	3.389975
0.001115	3.399970
0.001072	3.409975
0.001068	3.419970
0.001095	3.429970
0.001096	3.439985
0.001088	3.449975
0.001080	3.459965
0.001092	3.469980
0.001085	3.479970
0.001110	3.489970
0.001082	3.499975
0.001085	3.509975
0.001088	3.519975
0.001064	3.529975
0.001097	3.539975
0.001076	3.549975
0.001074	3.559975
0.001088	3.569970
0.001086	3.579970
0.001078	3.589975
0.001104	3.599980
0.001086	3.609975
0.001091	3.619990
0.001100	3.629980
0.001104	3.639980
0.001066	3.649970
0.001096	3.659975
0.001082	3.669985
0.001087	3.679980
0.001081	3.689970
0.001110	3.699980
0.001086	3.709975
0.001064	3.719975
0.001102	3.729990
0.001108	3.739980
0.001101	3.749980
0.001082	3.759985
0.001076	3.769975
0.001080	3.779980
0.001081	3.789980
0.001100	3.799985
0.001104	3.809975
0.001085	3.819975
0.001078	3.829985
0.001094	3.839980
0.001094	3.849980
0.001077	3.859980
0.001087	3.869980
0.001087	3.879975
0.001080	3.889985
0.001057	3.899980
0.001087	3.909975
0.001060	3.919980
0.001069	3.929975
0.001069	3.939980
0.001082	3.949975
0.001069	3.959980
0.001074	3.969980
0.001082	3.979980
0.001104	3.989980
0.001092	0.000060
0.001102	0.010005
0.001118	0.020020
0.001105	0.029995
0.001096	0.039975
0.001083	0.050070
0.001097	0.060065
0.001124	0.070015
0.001114	0.080105
0.001119	0.090040
0.001090	0.100055
0.001054	0.110090
0.001116	0.120060
0.001080	0.130085
0.001095	0.140015
0.001094	0.150030
0.001114	0.159975
0.001104	0.170100
0.001090	0.180130
0.001092	0.189990
0.001118	0.200135
0.001091	0.210060
0.001095	0.220065
0.001081	0.229980
0.001106	0.240015
0.001097	0.249985
0.001096	0.260040
0.001080	0.270095
0.001094	0.280090
0.001123	0.290125
0.001081	0.300035
0.001099	0.310090
0.001105	0.320135
0.001124	0.330080
0.001088	0.340090
0.001105	0.350090
0.001108	0.360090
0.001069	0.370065
0.001083	0.380125
0.001100	0.390050
0.001092	0.400090
0.001100	0.410135
0.001100	0.420090
0.001095	0.430050
0.001118	0.440140
0.001080	0.450085
0.001099	0.460080
0.001123	0.470120
0.001085	0.480135
0.001110	0.490070
0.001069	0.500115
0.001073	0.510145
0.001094	0.520075
0.001114	0.530065
0.001099	0.540145
0.001076	0.550065
0.001104	0.560105
0.001086	0.570145
0.001127	0.580110
0.001111	0.590095
0.001109	0.600115
0.001104	0.610140
0.001071	0.620055
0.001099	0.630140
0.001092	0.640110
0.001076	0.650080
0.001110	0.660080
0.001106	0.670150
0.001108	0.680060
0.001083	0.690090
0.001105	0.700150
0.001105	0.710080
0.001119	0.720065
0.001076	0.730135
0.001077	0.740015
0.001110	0.750075
0.001091	0.760115
0.001130	0.770035
0.001118	0.780095
0.001104	0.790040
0.001109	0.800110
0.001102	0.810030
0.001123	0.820145
0.001064	0.830070
0.001118	0.840090
0.001114	0.850025
0.001095	0.860050
0.001085	0.870045
0.001092	0.880060
0.001111	0.890015
0.001092	0.900025
0.001087	0.910075
0.001108	0.920005
0.001087	0.930055
0.001097	0.940040
0.001106	0.950000
0.001076	0.960005
0.001118	0.970070
0.001108	0.980025
0.001092	0.990025
0.001109	1.000060
0.001096	1.010040
0.001092	1.020015
0.001122	1.030020
0.001113	1.040100
0.001080	1.050045
0.001113	1.060030
0.001085	1.070030
0.001101	1.080095
0.001104	1.090040
0.001104	1.100030
0.001097	1.110115
0.001115	1.120055
0.001086	1.130040
0.001116	1.140100
0.001095	1.150035
0.001123	1.160045
0.001090	1.170120
0.001113	1.180090
0.001085	1.190040
0.001104	1.200135
0.001097	1.210065
0.001105	1.220040
0.001097	1.230125
0.001120	1.239975
0.001125	1.250100
0.001104	1.260135
0.001120	1.270030
0.001104	1.280115
0.001077	1.290075
0.001092	1.300090
0.001108	1.310080
0.001111	1.320145
0.001108	1.330085
0.001109	1.340145
0.001132	1.350085
0.001109	1.360135
0.001130	1.370060
0.001136	1.380145
0.001104	1.390020
0.001111	1.400130
0.001113	1.410145
0.001116	1.420015
0.001102	1.430145
0.001114	1.440140
0.001125	1.450035
0.001125	1.460135
0.001119	1.470135
0.001137	1.480115
0.001101	1.490085
0.001132	1.500135
0.001116	1.510135
0.001109	1.519975
0.001113	1.530095
0.001132	1.540145
0.001128	1.550090
0.001129	1.560150
0.001108	1.570155
0.001102	1.580115
0.001127	1.590090
0.001123	1.600150
0.001124	1.610130
0.001116	1.620125
0.001114	1.630070
0.001129	1.640115
0.001129	1.650090
0.001123	1.660105
0.001150	1.670145
0.001118	1.680150
0.001100	1.690050
0.001128	1.700150
0.001129	1.710070
0.001120	1.720085
0.001123	1.730145
0.001128	1.740045
0.001108	1.750095
0.001130	1.760140
0.001119	1.770115
0.001108	1.780090
0.001124	1.789985
0.001110	1.800030
0.001113	1.810090
0.001111	1.820130
0.001136	1.830105
0.001125	1.840055
0.001132	1.850040
0.001109	1.860075
0.001123	1.870035
0.001114	1.880060
0.001102	1.890005
0.001125	1.899990
0.001134	1.910040
0.001133	1.920000
0.001130	1.930035
0.001106	1.940020
0.001137	1.949990
0.001095	1.959985
0.001109	1.969985
0.001136	1.980010
0.001122	1.989990
0.001114	1.999980
0.001118	2.010000
0.001123	2.019975
0.001129	2.029995
0.001136	2.039980
0.001129	2.050000
0.001120	2.059975
0.001144	2.070025
0.001139	2.079980
0.001137	2.090005
0.001115	2.099980
0.001138	2.110040
0.001127	2.119990
0.001129	2.130025
0.001128	2.139985
0.001101	2.150005
0.001133	2.159985
0.001110	2.170065
0.001114	2.179985
0.001129	2.189995
0.001115	2.199985
0.001119	2.209980
0.001122	2.219995
0.001137	2.229985
0.001122	2.239995
0.001133	2.249975
0.001141	2.260055
0.001144	2.269985
0.001129	2.280005
0.001128	2.289980
0.001142	2.300030
0.001133	2.309975
0.001134	2.320135
0.001139	2.329990
0.001133	2.340025
0.001123	2.349980
0.001136	2.360055
0.001139	2.369975
0.001151	2.380075
0.001160	2.389985
0.001157	2.400025
0.001153	2.409985
0.001156	2.419985
0.001171	2.429975
0.001179	2.440080
0.001180	2.449980
0.001184	2.460005
0.001188	2.469985
0.001194	2.479980
0.001203	2.490020
0.001212	2.499990
0.001217	2.510010
0.001216	2.519975
0.001232	2.530090
0.001239	2.539990
0.001235	2.550020
0.001251	2.559985
0.001255	2.570065
0.001259	2.579980
0.001270	2.590010
0.001270	2.599980
0.001275	2.610095
0.001280	2.619985
0.001297	2.630020
0.001287	2.639990
0.001296	2.650020
0.001303	2.659975
0.001310	2.670110
0.001314	2.679980
0.001317	2.690005
0.001321	2.699985
0.001317	2.710035
0.001322	2.719980
0.001329	2.730085
0.001331	2.739985
0.001329	2.750000
0.001338	2.759985
0.001335	2.769980
0.001344	2.780010
0.001347	2.789980
0.001349	2.800010
0.001349	2.809980
0.001349	2.820065
0.001355	2.829985
0.001355	2.840010
0.001358	2.849980
0.001358	2.860010
0.001362	2.869985
0.001363	2.879995
0.001359	2.889990
0.001359	2.899980
0.001363	2.909980
0.001359	2.919985
0.001362	2.929980
0.001363	2.939990
0.001362	2.949975
0.001363	2.959990
0.001361	2.969985
0.001362	2.979995
0.001362	2.989980
0.001366	2.999990
0.001362	3.009975
0.001362	3.019985
0.001363	3.029980
0.001363	3.039985
0.001363	3.049990
0.001363	3.059980
0.001364	3.070000
0.001363	3.079980
0.001363	3.089990
0.001363	3.099985
0.001364	3.109995
0.001363	3.119990
0.001364	3.130005
0.001363	3.139985
0.001363	3.149985
0.001363	3.159975
0.001366	3.170030
0.001362	3.179980
0.001363	3.189985
0.001364	3.199985
0.001364	3.210000
0.001364	3.219990
0.001364	3.230025
0.001366	3.239960
0.001363	3.249985
0.001363	3.259985
0.001364	3.270000
0.001364	3.279985
0.001364	3.290010
0.001363	3.299980
0.001364	3.309985
0.001364	3.320110
0.001364	3.329980
0.001363	3.340020
0.001363	3.349985
0.001363	3.360000
0.001362	3.369980
0.001364	3.380020
0.001366	3.389975
0.001363	3.400000
0.001364	3.409985
0.001364	3.420015
0.001364	3.429975
0.001364	3.440095
0.001364	3.449975
0.001363	3.459985
0.001366	3.469975
0.001364	3.480020
0.001366	3.489975
0.001363	3.500075
0.001366	3.509975
0.001364	3.520010
0.001364	3.529980
0.001364	3.540080
0.001363	3.549975
0.001367	3.559990
0.001366	3.569985
0.001363	3.579975
0.001363	3.590030
0.001363	3.599980
0.001363	3.610075
0.001363	3.619975
0.001363	3.630060
0.001366	3.639980
0.001364	3.650005
0.001364	3.659980
0.001363	3.670110
0.001362	3.679980
0.001364	3.689995
0.001366	3.699985
0.001363	3.710060
0.001363	3.719975
0.001364	3.730045
0.001364	3.739975
0.001366	3.749990
0.001362	3.759985
0.001364	3.770020
0.001363	3.779980
0.001364	3.789995
0.001366	3.799975
0.001364	3.809985
0.001364	3.819980
0.001363	3.830020
0.001364	3.839985
0.001364	3.849980
0.001364	3.859980
0.001364	3.869980
0.001363	3.880005
0.001364	3.889985
0.001366	3.899990
0.001366	3.909980
0.001363	3.919995
0.001363	3.929980
0.001366	3.939995
0.001364	3.949985
0.001364	3.959990
0.001364	3.969985
0.001364	3.979985
0.001363	3.989970
0.001363	0.000015
0.001366	0.009975
0.001363	0.019980
0.001364	0.029980
0.001366	0.039990
0.001366	0.049980
0.001366	0.059980
0.001362	0.069985
0.001364	0.079980
0.001367	0.089975
0.001364	0.099975
0.001364	0.109995
0.001364	0.119980
0.001366	0.129985
0.001363	0.139980
0.001364	0.149985
0.001363	0.159995
0.001366	0.169985
0.001362	0.179995
0.001364	0.189995
0.001364	0.200030
0.001364	0.209985
0.001364	0.220025
0.001363	0.229985
0.001364	0.239980
0.001366	0.249990
0.001364	0.260000
0.001363	0.269980
0.001362	0.280065
0.001362	0.289985
0.001362	0.300025
0.001364	0.309985
0.001364	0.320075
0.001363	0.329975
0.001363	0.340085
0.001364	0.349975
0.001363	0.360025
0.001364	0.369980
0.001364	0.380035
0.001363	0.389980
0.001362	0.400090
0.001363	0.409990
0.001364	0.420020
0.001363	0.429975
0.001364	0.439980
0.001363	0.450050
0.001364	0.459975
0.001363	0.470120
0.001363	0.479970
0.001364	0.490020
0.001363	0.499985
0.001366	0.510115
0.001366	0.519975
0.001363	0.530075
0.001367	0.539975
0.001363	0.550080
0.001363	0.559970
0.001363	0.570130
0.001362	0.579975
0.001363	0.590040
0.001362	0.599980
0.001362	0.610030
0.001364	0.619970
0.001363	0.630120
0.001364	0.639975
0.001363	0.650020
0.001364	0.659975
0.001366	0.670070
0.001364	0.679975
0.001364	0.690020
0.001363	0.699980
0.001364	0.709975
0.001363	0.720005
0.001364	0.729975
0.001364	0.740005
0.001361	0.749980
0.001366	0.760000
0.001362	0.769975
0.001361	0.780010
0.001364	0.789980
0.001363	0.800010
0.001364	0.809985
0.001364	0.819990
0.001366	0.829965
0.001364	0.840060
0.001363	0.849980
0.001361	0.859990
0.001362	0.869980
0.001359	0.879995
0.001361	0.889975
0.001362	0.900015
0.001366	0.909980
0.001363	0.919985
0.001363	0.929980
0.001364	0.940000
0.001362	0.949970
0.001362	0.959985
0.001361	0.969980
0.001362	0.979980
0.001363	0.989995
0.001362	0.999975
0.001362	1.009995
0.001363	1.019975
0.001359	1.029980
0.001363	1.039975
0.001361	1.049990
0.001361	1.059980
0.001361	1.069995
0.001359	1.079980
0.001362	1.089995
0.001358	1.099975
0.001357	1.110050
0.001354	1.119975
0.001357	1.130060
0.001354	1.139975
0.001352	1.150000
0.001350	1.159975
0.001349	1.170055
0.001349	1.179980
0.001348	1.190080
0.001344	1.199980
0.001340	1.210000
0.001344	1.219980
0.001336	1.230025
0.001333	1.239975
0.001326	1.249975
0.001331	1.260030
0.001329	1.269970
0.001326	1.280075
0.001319	1.289975
0.001317	1.300015
0.001316	1.309980
0.001308	1.320035
0.001306	1.329980
0.001302	1.340120
0.001300	1.349980
0.001297	1.360060
0.001287	1.369975
0.001275	1.380010
0.001274	1.389970
0.001265	1.400130
0.001265	1.409975
0.001256	1.420040
0.001254	1.429975
0.001246	1.440065
0.001241	1.449970
0.001237	1.459990
0.001236	1.469985
0.001219	1.480050
0.001211	1.489970
0.001209	1.500020
0.001200	1.509970
0.001191	1.520010
0.001191	1.529970
0.001185	1.539970
0.001179	1.550025
0.001162	1.559970
0.001175	1.570120
0.001155	1.579975
0.001157	1.589995
0.001160	1.599980
0.001162	1.610095
0.001141	1.619970
0.001134	1.630105
0.001143	1.639975
0.001144	1.650035
0.001133	1.659980
0.001133	1.670035
0.001142	1.679970
0.001130	1.690120
0.001128	1.699975
0.001124	1.710000
0.001125	1.719980
0.001137	1.730030
0.001122	1.739975
0.001128	1.750055
0.001111	1.759970
0.001111	1.769990
0.001130	1.779980
0.001136	1.790030
0.001132	1.799975
0.001125	1.809980
0.001144	1.820025
0.001125	1.829970
0.001132	1.840030
0.001124	1.849975
0.001130	1.859995
0.001136	1.869975
0.001120	1.880005
0.001129	1.889975
0.001128	1.900025
0.001137	1.909980
0.001138	1.919985
0.001123	1.929975
0.001113	1.940020
0.001128	1.949975
0.001130	1.959990
0.001118	1.969980
0.001109	1.980000
0.001114	1.989980
0.001110	2.000000
0.001104	2.009980
0.001115	2.019990
0.001123	2.030065
0.001123	2.039985
0.001127	2.049985
0.001133	2.059990
0.001134	2.070055
0.001106	2.079995
0.001119	2.090010
0.001125	2.100060
0.001101	2.110010
0.001115	2.120005
0.001118	2.130110
0.001132	2.140050
0.001122	2.150030
0.001139	2.160145
0.001115	2.170025
0.001130	2.180000
0.001110	2.190070
0.001123	2.200020
0.001129	2.210020
0.001122	2.219975
0.001108	2.230105
0.001114	2.240085
0.001108	2.250055
0.001115	2.260060
0.001095	2.270050
0.001082	2.280105
0.001119	2.290065
0.001095	2.300070
0.001101	2.310140
0.001118	2.320030
0.001104	2.330110
0.001142	2.340130
0.001120	2.350050
0.001102	2.360090
0.001105	2.370115
0.001114	2.380030
0.001123	2.390115
0.001099	2.400140
0.001122	2.410135
0.001119	2.420100
0.001111	2.430110
0.001122	2.440145
0.001124	2.450110
0.001102	2.460135
0.001127	2.470150
0.001104	2.480015
0.001132	2.489970
0.001128	2.500140
0.001108	2.510055
0.001138	2.520090
0.001116	2.530115
0.001111	2.540130
0.001096	2.550045
0.001120	2.560100
0.001127	2.570145
0.001139	2.580025
0.001133	2.590065
0.001106	2.600135
0.001094	2.610045
0.001099	2.620040
0.001108	2.630145
0.001100	2.640020
0.001118	2.650085
0.001127	2.660140
0.001104	2.670095
0.001104	2.680040
0.001109	2.690130
0.001088	2.700115
0.001125	2.710030
0.001118	2.720090
0.001119	2.730095
0.001113	2.740070
0.001120	2.750120
0.001114	2.760105
0.001102	2.769975
0.001115	2.780085
0.001109	2.790060
0.001105	2.800025
0.001097	2.810115
0.001123	2.820020
0.001105	2.830015
0.001105	2.840075
0.001097	2.850010
0.001095	2.860025
0.001100	2.870055
0.001114	2.880005
0.001101	2.890005
0.001116	2.900085
0.001118	2.909995
0.001088	2.919990
0.001118	2.930040
0.001114	2.940005
0.001099	2.949995
0.001088	2.960035
0.001073	2.970070
0.001102	2.979990
0.001099	2.990025
0.001100	3.000035
0.001125	3.010005
0.001109	3.020010
0.001109	3.030035
0.001113	3.040060
0.001095	3.049990
0.001100	3.059990
0.001090	3.070055
0.001091	3.080035
0.001100	3.090000
0.001113	3.100075
0.001124	3.110025
0.001082	3.120005
0.001116	3.130070
0.001087	3.140035
0.001108	3.150020
0.001099	3.160060
0.001127	3.170095
0.001109	3.180025
0.001104	3.190080
0.001100	3.200060
0.001124	3.210025
0.001086	3.220040
0.001104	3.230075
0.001116	3.240010
0.001096	3.250115
0.001111	3.260095
0.001105	3.270055
0.001097	3.280085
0.001099	3.290120
0.001104	3.300040
0.001118	3.310125
0.001092	3.320110
0.001095	3.330065
0.001105	3.340120
0.001091	3.350120
0.001096	3.360070
0.001083	3.370115
0.001115	3.380130
0.001109	3.390015
0.001102	3.400135
0.001099	3.410080
0.001082	3.420110
0.001094	3.430115
0.001102	3.440130
0.001091	3.450035
0.001118	3.460125
0.001101	3.470115
0.001109	3.480025
0.001113	3.490120
0.001127	3.500130
0.001081	3.510085
0.001109	3.520105
0.001088	3.530120
0.001099	3.540095
0.001081	3.550060
0.001083	3.560080
0.001100	3.570135
0.001110	3.580010
0.001109	3.590140
0.001108	3.600045
0.001115	3.610085
0.001086	3.620040
0.001094	3.630140
0.001110	3.639995
0.001078	3.650025
0.001104	3.660140
0.001094	3.670040
0.001125	3.680040
0.001110	3.690135
0.001108	3.700105
0.001080	3.710015
0.001100	3.720040
0.001101	3.730115
0.001092	3.739995
0.001100	3.750020
0.001108	3.759995
0.001095	3.770090
0.001111	3.779980
0.001073	3.790125
0.001115	3.800035
0.001088	3.810045
0.001085	3.819975
0.001073	3.830015
0.001128	3.840050
0.001091	3.849980
0.001067	3.860030
0.001101	3.870050
0.001113	3.880020
0.001102	3.890005
0.001095	3.900080
0.001088	3.910070
0.001087	3.919990
0.001102	3.930025
0.001110	3.940080
0.001081	3.949995
0.001101	3.959995
0.001094	3.969985
0.001096	3.979990
0.001092	3.990020
0.001096	0.000055
0.001077	0.009995
0.001072	0.019980
0.001074	0.029970
0.001086	0.039975
0.001073	0.049975
0.001062	0.059975
0.001062	0.069980
0.001091	0.079980
0.001101	0.089980
0.001095	0.099975
0.001108	0.109980
0.001097	0.119985
0.001088	0.129980
0.001087	0.139980
0.001074	0.149980
0.001090	0.159970
0.001104	0.169975
0.001088	0.179980
0.001091	0.189985
0.001106	0.199980
0.001088	0.209985
0.001067	0.220000
0.001067	0.229980
0.001099	0.239980
0.001088	0.249985
0.001062	0.259975
0.001062	0.269975
0.001105	0.279980
0.001100	0.289985
0.001071	0.299975
0.001105	0.309985
0.001105	0.319970
0.001076	0.329975
0.001068	0.339985
0.001091	0.349975
0.001080	0.359975
0.001080	0.369980
0.001082	0.379980
0.001090	0.389975
0.001085	0.399970
0.001099	0.409995
0.001081	0.419965
0.001095	0.429965
0.001099	0.440000
0.001086	0.449985
0.001078	0.459980
0.001057	0.470000
0.001102	0.479980
0.001080	0.489980
0.001101	0.499995
0.001076	0.509975
0.001104	0.519975
0.001073	0.529985
0.001092	0.539985
0.001088	0.549970
0.001095	0.559975
0.001072	0.569975
0.001086	0.579975
0.001074	0.589980
0.001066	0.599980
0.001110	0.609970
0.001094	0.619975
0.001095	0.629990
0.001094	0.639975
0.001099	0.649975
0.001069	0.659980
0.001101	0.669970
0.001108	0.679970
0.001076	0.689985
0.001102	0.699965
0.001091	0.709975
0.001088	0.720000
0.001086	0.729975
0.001082	0.739980
0.001087	0.749975
0.001097	0.759975
0.001106	0.769975
0.001073	0.779980
0.001128	0.789980
0.001102	0.799970
0.001081	0.809985
0.001085	0.819975
0.001092	0.829975
0.001078	0.839975
0.001109	0.849975
0.001090	0.859970
0.001105	0.869985
0.001082	0.879975
0.001100	0.889975
0.001085	0.899980
0.001099	0.909985
0.001092	0.919975
0.001068	0.929975
0.001076	0.939985
0.001116	0.949980
0.001097	0.959980
0.001109	0.969990
0.001104	0.979980
0.001099	0.989975
0.001113	0.999980
0.001078	1.009980
0.001092	1.019975
0.001082	1.029980
0.001102	1.039975
0.001083	1.049975
0.001095	1.059970
0.001104	1.069975
0.001095	1.079970
0.001116	1.089980
0.001094	1.099980
0.001085	1.109975
0.001077	1.119970
0.001109	1.129980
0.001072	1.139975
0.001090	1.149975
0.001083	1.159975
0.001078	1.169980
0.001111	1.179975
0.001115	1.189970
0.001092	1.199970
0.001081	1.209975
0.001088	1.219990
0.001104	1.229975
0.001090	1.239975
0.001106	1.249970
0.001081	1.259970
0.001095	1.269970
0.001096	1.279980
0.001064	1.289970
0.001109	1.299975
0.001099	1.309980
0.001064	1.319975
0.001101	1.329970
0.001105	1.339975
0.001090	1.349975
0.001106	1.359970
0.001105	1.369970
0.001090	1.379980
0.001097	1.389970
0.001105	1.399970
0.001090	1.409975
0.001081	1.419970
0.001087	1.429975
0.001105	1.439975
0.001110	1.449975
0.001088	1.459970
0.001116	1.469985
0.001067	1.479985
0.001076	1.489975
0.001091	1.499995
0.001087	1.509980
0.001080	1.519970
0.001074	1.529975
0.001078	1.539980
0.001104	1.549965
0.001088	1.559965
0.001102	1.569980
0.001085	1.579970
0.001102	1.589965
0.001097	1.599970
0.001078	1.609980
0.001091	1.619965
0.001119	1.629980
0.001109	1.639965
0.001114	1.649970
0.001118	1.659975
0.001119	1.669975
0.001127	1.679975
0.001132	1.689980
0.001114	1.699975
0.001130	1.709980
0.001116	1.719980
0.001136	1.729980
0.001136	1.739980
0.001148	1.749980
0.001152	1.759970
0.001160	1.769975
0.001142	1.779975
0.001170	1.789975
0.001160	1.799970
0.001179	1.809980
0.001177	1.819970
0.001188	1.829970
0.001198	1.839975
0.001195	1.849975
0.001205	1.859970
0.001212	1.869980
0.001214	1.879965
0.001217	1.889975
0.001231	1.899970
0.001233	1.909975
0.001235	1.919975
0.001246	1.929970
0.001254	1.939975
0.001254	1.949975
0.001258	1.959965
0.001261	1.969985
0.001266	1.979975
0.001272	1.989975
0.001272	1.999975
0.001279	2.009975
0.001284	2.019970
0.001282	2.029975
0.001289	2.039975
0.001293	2.049975
0.001296	2.059970
0.001301	2.069975
0.001303	2.079975
0.001307	2.089970
0.001308	2.099975
0.001315	2.109975
0.001311	2.119975
0.001316	2.129980
0.001315	2.139975
0.001314	2.149980
0.001317	2.159975
0.001319	2.169975
0.001321	2.179975
0.001321	2.189980
0.001317	2.199980
0.001320	2.209975
0.001322	2.219980
0.001321	2.229975
0.001325	2.239970
0.001324	2.249975
0.001321	2.259975
0.001322	2.269970
0.001322	2.279980
0.001324	2.289985
0.001325	2.299975
0.001325	2.309990
0.001326	2.319975
0.001324	2.329975
0.001324	2.339985
0.001324	2.349980
0.001326	2.359980
0.001328	2.369980
0.001325	2.379985
0.001326	2.389980
0.001328	2.399985
0.001329	2.409975
0.001326	2.419965
0.001329	2.429975
0.001326	2.439995
0.001326	2.449985
0.001329	2.459970
0.001328	2.470010
0.001326	2.479975
0.001328	2.489975
0.001328	2.499990
0.001329	2.509975
0.001329	2.519980
0.001325	2.529995
0.001326	2.539970
0.001328	2.549970
0.001325	2.559995
0.001330	2.569975
0.001329	2.579970
0.001325	2.589985
0.001329	2.599985
0.001326	2.609980
0.001328	2.619970
0.001329	2.629995
0.001335	2.639975
0.001328	2.649975
0.001333	2.659990
0.001330	2.669980
0.001328	2.679970
0.001331	2.689985
0.001330	2.699970
0.001330	2.709985
0.001329	2.719985
0.001328	2.729980
0.001331	2.739975
0.001331	2.749980
0.001329	2.759970
0.001330	2.769970
0.001333	2.779975
0.001330	2.789975
0.001328	2.799970
0.001331	2.809980
0.001333	2.819975
0.001329	2.829975
0.001331	2.839980
0.001326	2.849975
0.001330	2.859970
0.001334	2.869980
0.001334	2.879980
0.001333	2.889975
0.001336	2.899975
0.001330	2.909975
0.001330	2.919975
0.001330	2.929975
0.001333	2.939985
0.001331	2.949980
0.001329	2.959975
0.001328	2.969985
0.001329	2.979980
0.001333	2.989975
0.001330	2.999975
0.001334	3.009975
0.001331	3.019975
0.001331	3.029980
0.001329	3.039975
0.001328	3.049980
0.001330	3.059975
0.001330	3.069985
0.001330	3.079975
0.001325	3.089980
0.001330	3.099985
0.001329	3.109985
0.001329	3.119975
0.001330	3.129985
0.001330	3.139980
0.001330	3.149975
0.001329	3.159975
0.001334	3.169985
0.001329	3.179970
0.001331	3.189985
0.001329	3.199980
0.001333	3.209975
0.001333	3.219980
0.001334	3.229980
0.001329	3.239975
0.001330	3.249975
0.001328	3.259975
0.001333	3.269975
0.001329	3.279975
0.001329	3.289980
0.001330	3.299970
0.001328	3.309985
0.001328	3.319975
0.001330	3.329980
0.001329	3.339980
0.001328	3.349975
0.001331	3.359970
0.001329	3.369980
0.001328	3.379970
0.001326	3.389970
0.001329	3.399990
0.001329	3.409970
0.001330	3.419980
0.001329	3.429975
0.001329	3.439975
0.001333	3.449975
0.001329	3.459975
0.001331	3.469990
0.001334	3.479965
0.001333	3.489980
0.001329	3.499975
0.001330	3.509980
0.001333	3.519965
0.001331	3.529995
0.001330	3.539975
0.001331	3.549970
0.001333	3.559975
0.001334	3.569975
0.001336	3.579970
0.001329	3.589975
0.001334	3.599990
0.001330	3.609975
0.001339	3.619970
0.001335	3.629980
0.001333	3.639970
0.001334	3.649965
0.001333	3.659980
0.001335	3.669975
0.001335	3.679970
0.001336	3.689980
0.001335	3.699970
0.001333	3.709975
0.001335	3.719970
0.001329	3.729975
0.001333	3.739975
0.001336	3.749980
0.001338	3.759975
0.001333	3.769970
0.001339	3.779970
0.001334	3.789975
0.001336	3.799970
0.001338	3.809980
0.001334	3.819980
0.001334	3.829975
0.001338	3.839975
0.001338	3.849980
0.001334	3.859975
0.001336	3.869975
0.001338	3.879980
0.001335	3.889975
0.001336	3.899980
0.001333	3.909975
0.001333	3.919975
0.001336	3.929975
0.001334	3.939980
0.001333	3.949980
0.001333	3.959975
0.001335	3.969980
0.001335	3.979975
0.001336	3.989970
