0.001364	-12.003220
0.001366	-11.989640
0.001364	-11.979625
0.001364	-11.969585
0.001366	-11.959645
0.001364	-11.949575
0.001363	-11.939520
0.001366	-11.929605
0.001364	-11.919520
0.001364	-11.909580
0.001366	-11.899530
0.001363	-11.889595
0.001364	-11.879495
0.001364	-11.869525
0.001364	-11.859600
0.001366	-11.849560
0.001362	-11.839515
0.001366	-11.829585
0.001364	-11.819530
0.001364	-11.809520
0.001366	-11.799575
0.001366	-11.789555
0.001366	-11.779470
0.001364	-11.769605
0.001366	-11.759460
0.001364	-11.749565
0.001364	-11.739570
0.001367	-11.729525
0.001366	-11.719535
0.001364	-11.709585
0.001366	-11.699535
0.001366	-11.689515
0.001366	-11.679575
0.001366	-11.669495
0.001366	-11.659580
0.001366	-11.649570
0.001366	-11.639500
0.001366	-11.629505
0.001363	-11.619595
0.001364	-11.609555
0.001366	-11.599560
0.001366	-11.589610
0.001363	-11.579525
0.001364	-11.569540
0.001364	-11.559570
0.001364	-11.549440
0.001364	-11.539540
0.001364	-11.529560
0.001362	-11.519530
0.001366	-11.509500
0.001364	-11.499575
0.001364	-11.489505
0.001363	-11.479535
0.001364	-11.469510
0.001363	-11.459630
0.001364	-11.449495
0.001366	-11.439465
0.001364	-11.429645
0.001364	-11.419520
0.001364	-11.409435
0.001364	-11.399575
0.001364	-11.389495
0.001363	-11.379480
0.001364	-11.369460
0.001363	-11.359605
0.001366	-11.349440
0.001366	-11.339465
0.001364	-11.329575
0.001363	-11.319490
0.001364	-11.309455
0.001366	-11.299580
0.001366	-11.289500
0.001363	-11.279420
0.001364	-11.269615
0.001363	-11.259505
0.001364	-11.249480
0.001363	-11.239595
0.001363	-11.229485
0.001363	-11.219525
0.001364	-11.209495
0.001366	-11.199520
0.001364	-11.189510
0.001363	-11.179515
0.001366	-11.169545
0.001363	-11.159520
0.001366	-11.149540
0.001364	-11.139485
0.001363	-11.129490
0.001366	-11.119585
0.001364	-11.109525
0.001363	-11.099520
0.001363	-11.089590
0.001364	-11.079500
0.001366	-11.069555
0.001366	-11.059585
0.001364	-11.049450
0.001363	-11.039555
0.001364	-11.029605
0.001361	-11.019530
0.001364	-11.009520
0.001366	-10.999555
0.001363	-10.989545
0.001363	-10.979505
0.001364	-10.969500
0.001367	-10.959610
0.001364	-10.949540
0.001363	-10.939500
0.001364	-10.929600
0.001364	-10.919535
0.001366	-10.909500
0.001364	-10.899535
0.001366	-10.889560
0.001364	-10.879530
0.001364	-10.869455
0.001364	-10.859575
0.001363	-10.849545
0.001363	-10.839525
0.001364	-10.829555
0.001364	-10.819530
0.001364	-10.809500
0.001363	-10.799535
0.001366	-10.789550
0.001366	-10.779520
0.001366	-10.769580
0.001366	-10.759480
0.001363	-10.749560
0.001362	-10.739540
0.001364	-10.729515
0.001363	-10.719475
0.001363	-10.709515
0.001364	-10.699475
0.001364	-10.689550
0.001364	-10.679570
0.001366	-10.669500
0.001366	-10.659495
0.001364	-10.649580
0.001364	-10.639485
0.001364	-10.629510
0.001363	-10.619565
0.001364	-10.609485
0.001363	-10.599530
0.001364	-10.589585
0.001366	-10.579550
0.001363	-10.569450
0.001363	-10.559560
0.001363	-10.549495
0.001363	-10.539525
0.001363	-10.529545
0.001364	-10.519580
0.001364	-10.509465
0.001363	-10.499540
0.001363	-10.489565
0.001364	-10.479465
0.001364	-10.469525
0.001362	-10.459555
0.001362	-10.449485
0.001364	-10.439450
0.001366	-10.429605
0.001364	-10.419520
0.001364	-10.409415
0.001362	-10.399575
0.001363	-10.389535
0.001362	-10.379435
0.001364	-10.369455
0.001363	-10.359540
0.001362	-10.349540
0.001363	-10.339475
0.001363	-10.329570
0.001362	-10.319505
0.001362	-10.309475
0.001363	-10.299600
0.001363	-10.289515
0.001358	-10.279470
0.001361	-10.269585
0.001359	-10.259490
0.001355	-10.249445
0.001357	-10.239595
0.001353	-10.229485
0.001353	-10.219515
0.001350	-10.209505
0.001350	-10.199555
0.001345	-10.189475
0.001342	-10.179595
0.001338	-10.169565
0.001342	-10.159525
0.001335	-10.149530
0.001333	-10.139565
0.001326	-10.129470
0.001321	-10.119545
0.001324	-10.109515
0.001322	-10.099520
0.001316	-10.089540
0.001316	-10.079505
0.001312	-10.069545
0.001303	-10.059585
0.001305	-10.049485
0.001294	-10.039550
0.001292	-10.029595
0.001283	-10.019515
0.001277	-10.009520
0.001277	-9.999575
0.001272	-9.989525
0.001263	-9.979520
0.001255	-9.969600
0.001254	-9.959545
0.001246	-9.949540
0.001233	-9.939540
0.001230	-9.929580
0.001219	-9.919525
0.001213	-9.909510
0.001209	-9.899550
0.001204	-9.889545
0.001184	-9.879495
0.001186	-9.869465
0.001179	-9.859580
0.001161	-9.849490
0.001170	-9.839495
0.001172	-9.829565
0.001155	-9.819500
0.001150	-9.809475
0.001136	-9.799600
0.001132	-9.789495
0.001153	-9.779490
0.001125	-9.769570
0.001144	-9.759515
0.001133	-9.749455
0.001134	-9.739565
0.001123	-9.729555
0.001108	-9.719475
0.001130	-9.709570
0.001105	-9.699535
0.001119	-9.689495
0.001097	-9.679570
0.001118	-9.669530
0.001105	-9.659490
0.001119	-9.649515
0.001110	-9.639480
0.001101	-9.629485
0.001090	-9.619590
0.001088	-9.609490
0.001104	-9.599495
0.001105	-9.589610
0.001102	-9.579510
0.001106	-9.569465
0.001116	-9.559615
0.001095	-9.549435
0.001087	-9.539565
0.001088	-9.529600
0.001095	-9.519525
0.001086	-9.509515
0.001100	-9.499575
0.001118	-9.489470
0.001104	-9.479510
0.001083	-9.469560
0.001094	-9.459560
0.001081	-9.449485
0.001108	-9.439525
0.001096	-9.429610
0.001105	-9.419495
0.001092	-9.409480
0.001102	-9.399605
0.001096	-9.389515
0.001100	-9.379475
0.001104	-9.369560
0.001095	-9.359530
0.001087	-9.349470
0.001110	-9.339490
0.001108	-9.329555
0.001095	-9.319505
0.001108	-9.309465
0.001082	-9.299540
0.001105	-9.289515
0.001106	-9.279450
0.001110	-9.269580
0.001110	-9.259530
0.001088	-9.249505
0.001083	-9.239520
0.001099	-9.229535
0.001118	-9.219555
0.001094	-9.209550
0.001100	-9.199530
0.001091	-9.189520
0.001087	-9.179555
0.001086	-9.169550
0.001102	-9.159525
0.001104	-9.149500
0.001104	-9.139505
0.001105	-9.129495
0.001109	-9.119515
0.001109	-9.109495
0.001113	-9.099505
0.001105	-9.089560
0.001077	-9.079535
0.001118	-9.069595
0.001102	-9.059585
0.001096	-9.049485
0.001102	-9.039525
0.001091	-9.029600
0.001105	-9.019495
0.001088	-9.009535
0.001100	-8.999585
0.001101	-8.989540
0.001104	-8.979530
0.001094	-8.969540
0.001096	-8.959590
0.001095	-8.949530
0.001113	-8.939545
0.001092	-8.929585
0.001119	-8.919525
0.001122	-8.909550
0.001101	-8.899530
0.001081	-8.889550
0.001078	-8.879470
0.001096	-8.869555
0.001104	-8.859560
0.001076	-8.849515
0.001095	-8.839505
0.001086	-8.829605
0.001101	-8.819485
0.001099	-8.809530
0.001101	-8.799560
0.001082	-8.789520
0.001100	-8.779475
0.001105	-8.769610
0.001095	-8.759535
0.001102	-8.749475
0.001116	-8.739620
0.001066	-8.729515
0.001078	-8.719480
0.001100	-8.709520
0.001087	-8.699525
0.001091	-8.689455
0.001097	-8.679585
0.001088	-8.669515
0.001069	-8.659500
0.001101	-8.649530
0.001097	-8.639540
0.001114	-8.629455
0.001091	-8.619590
0.001090	-8.609515
0.001101	-8.599500
0.001094	-8.589540
0.001119	-8.579545
0.001108	-8.569460
0.001081	-8.559610
0.001101	-8.549470
0.001109	-8.539505
0.001099	-8.529560
0.001101	-8.519495
0.001113	-8.509525
0.001108	-8.499570
0.001073	-8.489490
0.001099	-8.479490
0.001106	-8.469575
0.001087	-8.459505
0.001101	-8.449510
0.001095	-8.439570
0.001101	-8.429545
0.001113	-8.419465
0.001088	-8.409505
0.001071	-8.399570
0.001077	-8.389500
0.001096	-8.379465
0.001086	-8.369530
0.001054	-8.359510
0.001096	-8.349505
0.001094	-8.339515
0.001094	-8.329555
0.001091	-8.319460
0.001096	-8.309450
0.001088	-8.299575
0.001068	-8.289480
0.001050	-8.279425
0.001074	-8.269625
0.001095	-8.259470
0.001076	-8.249510
0.001087	-8.239560
0.001092	-8.229500
0.001077	-8.219455
0.001095	-8.209545
0.001099	-8.199555
0.001081	-8.189480
0.001090	-8.179480
0.001108	-8.169575
0.001085	-8.159470
0.001085	-8.149530
0.001074	-8.139540
0.001073	-8.129500
0.001081	-8.119495
0.001110	-8.109550
0.001092	-8.099490
0.001068	-8.089510
0.001059	-8.079540
0.001090	-8.069545
0.001105	-8.059520
0.001094	-8.049520
0.001077	-8.039535
0.001094	-8.029555
0.001087	-8.019540
0.001080	-8.009530
0.001113	0.013265
0.001102	0.007825
0.001109	0.020160
0.001108	0.028490
0.001104	0.040445
0.001092	0.049905
0.001110	0.059260
0.001105	0.070350
0.001102	0.079045
0.001095	0.089025
0.001122	0.098905
0.001094	0.108960
0.001123	0.119990
0.001091	0.128815
0.001105	0.139925
0.001088	0.149155
0.001087	0.160470
0.001113	0.168845
0.001114	0.179060
0.001108	0.190460
0.001111	0.198755
0.001104	0.209050
0.001111	0.218850
0.001114	0.230535
0.001090	0.238810
0.001105	0.250380
0.001096	0.258950
0.001108	0.268965
0.001114	0.278850
0.001115	0.288965
0.001123	0.299105
0.001097	0.308580
0.001133	0.319435
0.001129	0.328695
0.001102	0.340585
0.001085	0.348620
0.001087	0.360505
0.001101	0.368400
0.001090	0.379320
0.001096	0.388935
0.001124	0.399150
0.001088	0.408960
0.001114	0.418850
0.001128	0.429185
0.001090	0.438855
0.001099	0.449270
0.001100	0.458920
0.001113	0.470290
0.001113	0.478820
0.001100	0.489055
0.001120	0.498385
0.001097	0.509195
0.001095	0.518595
0.001123	0.529220
0.001113	0.539200
0.001124	0.549335
0.001101	0.558560
0.001123	0.568990
0.001115	0.580410
0.001106	0.588745
0.001116	0.599195
0.001113	0.608385
0.001102	0.619410
0.001073	0.628145
0.001086	0.639315
0.001133	0.648185
0.001113	0.659565
0.001127	0.669215
0.001120	0.679575
0.001095	0.688535
0.001123	0.699055
0.001095	0.708850
0.001111	0.719045
0.001099	0.728890
0.001097	0.739080
0.001124	0.750075
0.001109	0.758925
0.001108	0.768985
0.001087	0.778825
0.001115	0.789335
0.001088	0.799755
0.001123	0.809345
0.001119	0.818725
0.001134	0.829245
0.001120	0.838550
0.001082	0.849195
0.001116	0.858615
0.001105	0.869365
0.001109	0.878640
0.001110	0.889420
0.001122	0.898980
0.001105	0.909285
0.001120	0.919020
0.001108	0.928730
0.001110	0.939445
0.001118	0.950520
0.001106	0.958910
0.001105	0.970520
0.001077	0.978935
0.001097	0.989285
0.001119	0.999560
0.001090	1.009380
0.001108	1.020070
0.001105	1.029180
0.001092	1.040030
0.001133	1.049015
0.001105	1.059820
0.001123	1.069025
0.001080	1.078955
0.001115	1.090755
0.001129	1.098740
0.001080	1.109170
0.001104	1.119155
0.001101	1.129075
0.001123	1.138955
0.001113	1.149065
0.001110	1.158965
0.001109	1.168855
0.001123	1.179285
0.001118	1.188710
0.001113	1.199200
0.001110	1.210165
0.001128	1.218795
0.001119	1.229330
0.001101	1.240505
0.001090	1.248680
0.001138	1.259190
0.001136	1.268820
0.001123	1.279170
0.001104	1.288850
0.001088	1.299390
0.001122	1.308500
0.001119	1.319455
0.001116	1.328510
0.001100	1.339375
0.001109	1.348985
0.001134	1.359305
0.001096	1.368960
0.001113	1.379130
0.001110	1.389095
0.001113	1.398475
0.001114	1.409345
0.001102	1.420055
0.001137	1.428660
0.001125	1.440770
0.001115	1.448385
0.001102	1.459695
0.001141	1.468360
0.001111	1.480995
0.001113	1.488070
0.001104	1.499635
0.001113	1.508035
0.001105	1.520540
0.001138	1.528735
0.001127	1.539385
0.001132	1.548930
0.001119	1.560655
0.001123	1.568495
0.001124	1.579580
0.001105	1.588040
0.001128	1.599565
0.001108	1.609565
0.001114	1.619250
0.001113	1.628945
0.001125	1.638365
0.001134	1.649400
0.001120	1.658805
0.001113	1.669115
0.001122	1.678850
0.001129	1.689370
0.001141	1.698330
0.001097	1.709320
0.001125	1.718935
0.001134	1.728805
0.001123	1.739295
0.001128	1.748455
0.001136	1.759005
0.001132	1.770350
0.001128	1.778980
0.001133	1.790500
0.001114	1.798850
0.001129	1.809750
0.001102	1.818780
0.001111	1.829330
0.001125	1.839325
0.001124	1.848970
0.001119	1.859525
0.001116	1.868490
0.001136	1.879410
0.001130	1.888760
0.001115	1.899385
0.001120	1.908605
0.001142	1.919350
0.001130	1.930435
0.001138	1.939075
0.001133	1.950715
0.001105	1.958780
0.001129	1.969365
0.001105	1.978565
0.001127	1.989445
0.001142	2.000405
0.001125	2.008915
0.001122	2.020450
0.001134	2.029535
0.001128	2.040445
0.001105	2.048985
0.001113	2.060490
0.001133	2.068810
0.001125	2.080495
0.001147	2.090165
0.001148	2.100500
0.001142	2.108540
0.001138	2.120520
0.001123	2.128770
0.001137	2.140430
0.001132	2.149795
0.001120	2.160495
0.001138	2.168790
0.001141	2.180485
0.001122	2.189025
0.001118	2.200425
0.001127	2.210490
0.001118	2.218905
0.001141	2.230430
0.001118	2.238640
0.001134	2.250510
0.001125	2.258840
0.001133	2.270520
0.001134	2.278600
0.001144	2.290490
0.001139	2.298515
0.001125	2.310565
0.001153	2.318715
0.001158	2.330525
0.001147	2.338800
0.001179	2.350435
0.001152	2.358980
0.001176	2.370520
0.001171	2.380305
0.001183	2.390520
0.001207	2.398775
0.001202	2.410380
0.001208	2.419260
0.001199	2.430470
0.001208	2.438770
0.001228	2.450515
0.001218	2.458560
0.001231	2.470435
0.001246	2.480525
0.001251	2.488855
0.001256	2.500420
0.001261	2.510730
0.001266	2.520495
0.001274	2.528755
0.001278	2.540510
0.001282	2.550350
0.001284	2.560495
0.001289	2.568600
0.001305	2.580505
0.001307	2.588665
0.001308	2.600460
0.001315	2.609160
0.001319	2.620545
0.001319	2.628740
0.001322	2.640435
0.001328	2.649690
0.001329	2.660550
0.001336	2.668320
0.001339	2.680550
0.001340	2.688765
0.001339	2.700430
0.001349	2.708880
0.001348	2.720525
0.001349	2.728430
0.001350	2.740530
0.001354	2.748740
0.001357	2.760460
0.001363	2.770485
0.001358	2.778935
0.001361	2.790450
0.001363	2.798670
0.001362	2.810545
0.001363	2.818935
0.001364	2.830430
0.001364	2.838825
0.001364	2.850535
0.001364	2.858675
0.001366	2.870515
0.001361	2.878575
0.001364	2.890515
0.001364	2.900645
0.001367	2.910425
0.001367	2.918990
0.001363	2.930445
0.001363	2.940325
0.001366	2.950480
0.001364	2.959040
0.001367	2.970400
0.001366	2.979015
0.001367	2.990475
0.001367	3.000130
0.001366	3.010465
0.001366	3.018975
0.001366	3.030405
0.001368	3.040425
0.001367	3.049095
0.001364	3.060460
0.001367	3.069970
0.001367	3.080440
0.001364	3.088950
0.001366	3.100420
0.001364	3.109045
0.001367	3.120490
0.001367	3.129250
0.001366	3.140485
0.001366	3.148900
0.001366	3.160475
0.001367	3.168895
0.001364	3.180475
0.001367	3.188845
0.001366	3.200405
0.001366	3.209555
0.001366	3.220510
0.001368	3.228550
0.001367	3.240545
0.001366	3.248865
0.001364	3.260470
0.001366	3.268805
0.001366	3.280475
0.001364	3.288855
0.001366	3.300470
0.001366	3.310530
0.001366	3.318800
0.001367	3.330510
0.001367	3.338480
0.001366	3.350595
0.001368	3.358705
0.001366	3.370510
0.001367	3.380480
0.001366	3.390540
0.001366	3.398855
0.001367	3.410410
0.001366	3.419050
0.001366	3.430450
0.001367	3.438655
0.001366	3.450555
0.001366	3.458870
0.001367	3.470415
0.001367	3.478720
0.001366	3.490525
0.001366	3.499690
0.001364	3.510550
0.001367	3.518610
0.001364	3.530515
0.001367	3.538655
0.001363	3.550545
0.001367	3.558375
0.001366	3.570465
0.001364	3.580495
0.001369	3.588795
0.001363	3.600425
0.001367	3.609025
0.001364	3.620600
0.001367	3.628195
0.001367	3.640500
0.001368	3.648820
0.001367	3.660545
0.001364	3.668150
0.001366	3.680545
0.001366	3.688955
0.001368	3.700485
0.001367	3.708690
0.001368	3.720560
0.001366	3.728470
0.001368	3.740550
0.001367	3.748505
0.001368	3.760430
0.001366	3.768570
0.001366	3.780535
0.001367	3.790500
0.001366	3.800475
0.001364	3.808850
0.001366	3.820445
0.001366	3.828635
0.001366	3.840485
0.001366	3.848750
0.001366	3.860445
0.001364	3.870530
0.001368	3.878785
0.001367	3.890500
0.001367	3.899040
0.001367	3.910530
0.001367	3.919660
0.001366	3.930470
0.001367	3.938665
0.001366	3.950525
0.001364	3.958790
0.001366	3.970475
0.001367	3.978940
0.001366	3.990560
0.001366	4.000375
0.001367	3.989645
0.001366	3.979635
0.001364	3.970710
0.001366	3.959660
0.001368	3.949570
0.001367	3.939575
0.001366	3.930900
0.001367	3.919620
0.001366	3.910840
0.001366	3.899625
0.001367	3.890780
0.001367	3.879595
0.001364	3.870750
0.001367	3.859570
0.001364	3.849575
0.001368	3.841005
0.001366	3.829550
0.001368	3.821020
0.001366	3.809620
0.001367	3.800440
0.001364	3.789595
0.001366	3.781075
0.001367	3.769575
0.001363	3.760740
0.001367	3.749580
0.001368	3.741060
0.001366	3.729515
0.001364	3.721140
0.001367	3.709525
0.001364	3.699720
0.001366	3.689595
0.001367	3.680955
0.001366	3.669490
0.001367	3.661230
0.001367	3.649490
0.001366	3.641185
0.001366	3.629545
0.001367	3.621040
0.001366	3.609500
0.001368	3.599535
0.001366	3.589565
0.001366	3.580950
0.001366	3.569515
0.001367	3.559580
0.001366	3.550685
0.001368	3.539570
0.001368	3.531225
0.001364	3.519440
0.001364	3.511050
0.001368	3.499555
0.001366	3.491265
0.001366	3.479465
0.001366	3.471115
0.001364	3.459505
0.001368	3.449970
0.001363	3.439465
0.001364	3.431640
0.001366	3.419480
0.001366	3.409825
0.001364	3.399555
0.001366	3.391125
0.001366	3.379380
0.001366	3.370550
0.001367	3.359450
0.001366	3.351395
0.001368	3.339515
0.001366	3.329860
0.001367	3.319495
0.001367	3.311245
0.001364	3.299475
0.001366	3.289485
0.001366	3.281425
0.001366	3.269450
0.001366	3.261390
0.001364	3.249525
0.001366	3.241040
0.001364	3.229495
0.001364	3.220405
0.001366	3.209495
0.001366	3.201090
0.001366	3.189545
0.001366	3.179515
0.001366	3.169545
0.001366	3.161095
0.001364	3.149470
0.001368	3.141105
0.001366	3.129510
0.001366	3.120950
0.001366	3.109500
0.001363	3.101205
0.001366	3.089505
0.001366	3.081015
0.001366	3.069500
0.001367	3.060650
0.001367	3.049520
0.001366	3.041055
0.001366	3.029545
0.001364	3.019530
0.001364	3.011150
0.001364	2.999510
0.001366	2.990645
0.001367	2.979515
0.001366	2.971105
0.001366	2.959550
0.001366	2.950955
0.001366	2.939510
0.001363	2.931005
0.001364	2.919540
0.001363	2.911005
0.001364	2.899540
0.001364	2.891040
0.001364	2.879450
0.001363	2.871285
0.001363	2.859485
0.001363	2.850530
0.001362	2.839560
0.001362	2.831250
0.001366	2.819465
0.001362	2.811160
0.001362	2.799455
0.001359	2.790695
0.001359	2.779510
0.001350	2.771335
0.001354	2.759465
0.001355	2.749550
0.001352	2.741325
0.001354	2.729465
0.001347	2.721555
0.001344	2.709470
0.001339	2.701120
0.001338	2.689560
0.001339	2.680665
0.001335	2.669515
0.001329	2.661220
0.001328	2.649470
0.001322	2.641360
0.001316	2.629530
0.001314	2.619970
0.001317	2.609495
0.001314	2.601255
0.001307	2.589470
0.001298	2.579500
0.001291	2.569500
0.001283	2.561105
0.001288	2.549520
0.001275	2.541010
0.001273	2.529600
0.001268	2.520865
0.001263	2.509460
0.001256	2.501125
0.001251	2.489545
0.001237	2.480970
0.001239	2.469545
0.001236	2.459540
0.001219	2.450270
0.001222	2.439495
0.001219	2.431425
0.001205	2.419515
0.001200	2.411125
0.001188	2.399595
0.001175	2.391255
0.001177	2.379460
0.001190	2.371360
0.001160	2.359500
0.001165	2.351210
0.001153	2.339550
0.001161	2.331390
0.001133	2.319465
0.001138	2.311110
0.001136	2.299515
0.001148	2.291355
0.001148	2.279565
0.001143	2.271170
0.001148	2.259490
0.001114	2.251360
0.001141	2.239455
0.001114	2.231150
0.001136	2.219545
0.001137	2.211280
0.001128	2.199455
0.001128	2.189560
0.001138	2.180860
0.001097	2.169520
0.001122	2.159655
0.001133	2.149515
0.001144	2.141025
0.001118	2.129555
0.001147	2.121160
0.001137	2.109505
0.001119	2.101280
0.001142	2.089460
0.001128	2.081125
0.001139	2.069530
0.001119	2.060945
0.001118	2.049520
0.001104	2.041080
0.001134	2.029590
0.001137	2.020580
0.001139	2.009550
0.001144	2.001170
0.001114	1.989535
0.001148	1.980850
0.001120	1.971420
0.001123	1.960765
0.001152	1.951430
0.001120	1.940405
0.001139	1.930520
0.001142	1.920780
0.001134	1.911200
0.001133	1.901010
0.001124	1.890920
0.001118	1.879640
0.001106	1.871355
0.001133	1.860795
0.001122	1.851180
0.001132	1.841350
0.001132	1.829400
0.001125	1.821325
0.001115	1.811075
0.001110	1.800240
0.001127	1.791145
0.001146	1.779555
0.001124	1.771320
0.001125	1.760855
0.001125	1.751155
0.001132	1.741315
0.001119	1.730800
0.001125	1.721610
0.001129	1.710915
0.001144	1.701125
0.001109	1.691150
0.001114	1.680860
0.001123	1.671265
0.001130	1.661010
0.001099	1.651060
0.001127	1.641125
0.001099	1.631395
0.001115	1.620090
0.001129	1.611595
0.001143	1.600615
0.001111	1.591260
0.001115	1.581000
0.001115	1.571495
0.001122	1.560675
0.001130	1.550060
0.001118	1.540870
0.001115	1.530305
0.001113	1.520610
0.001136	1.509515
0.001124	1.501295
0.001134	1.490595
0.001132	1.481115
0.001108	1.471015
0.001137	1.460205
0.001108	1.451030
0.001137	1.440900
0.001136	1.430545
0.001108	1.420810
0.001109	1.411410
0.001110	1.401085
0.001124	1.391310
0.001128	1.381040
0.001114	1.371490
0.001116	1.359550
0.001132	1.351690
0.001128	1.340440
0.001113	1.331795
0.001123	1.320435
0.001116	1.310285
0.001119	1.300615
0.001133	1.290970
0.001129	1.281220
0.001099	1.271115
0.001106	1.260765
0.001138	1.251235
0.001123	1.241095
0.001113	1.229480
0.001111	1.220115
0.001097	1.211005
0.001097	1.199270
0.001110	1.191500
0.001102	1.179450
0.001136	1.171480
0.001130	1.160465
0.001109	1.151240
0.001106	1.141055
0.001101	1.131285
0.001128	1.120615
0.001096	1.111295
0.001119	1.100645
0.001114	1.091070
0.001110	1.080885
0.001113	1.071215
0.001108	1.059290
0.001085	1.051250
0.001104	1.040755
0.001108	1.030985
0.001094	1.020565
0.001113	1.011070
0.001118	1.000695
0.001085	0.991015
0.001110	0.980170
0.001110	0.970905
0.001109	0.959525
0.001088	0.950965
0.001114	0.939270
0.001130	0.931350
0.001102	0.920440
0.001137	0.911270
0.001090	0.900795
0.001090	0.890745
0.001074	0.880895
0.001105	0.871125
0.001110	0.860860
0.001110	0.851180
0.001130	0.840430
0.001134	0.831925
0.001110	0.820105
0.001095	0.811745
0.001082	0.800615
0.001104	0.791480
0.001097	0.780820
0.001111	0.771845
0.001104	0.760485
0.001106	0.750840
0.001094	0.740790
0.001095	0.731575
0.001115	0.720725
0.001106	0.710000
0.001119	0.700695
0.001110	0.691570
0.001101	0.680625
0.001110	0.671480
0.001109	0.660475
0.001086	0.651195
0.001114	0.640970
0.001101	0.631165
0.001118	0.620985
0.001078	0.611005
0.001101	0.600965
0.001100	0.591150
0.001127	0.580535
0.001085	0.571575
0.001115	0.560640
0.001099	0.551370
0.001113	0.540780
0.001099	0.531095
0.001113	0.520710
0.001114	0.511325
0.001111	0.500780
0.001124	0.491230
0.001115	0.479320
0.001099	0.471475
0.001096	0.460835
0.001132	0.451630
0.001101	0.440480
0.001115	0.430355
0.001102	0.420620
0.001100	0.410930
0.001114	0.400595
0.001133	0.391500
0.001132	0.380615
0.001074	0.371730
0.001111	0.360285
0.001123	0.351745
0.001078	0.340755
0.001116	0.329820
0.001120	0.320950
0.001104	0.311095
0.001086	0.300335
0.001081	0.291170
0.001097	0.279805
0.001128	0.271350
0.001120	0.259135
0.001096	0.251575
0.001100	0.239560
0.001099	0.230905
0.001109	0.219525
0.001120	0.209975
0.001097	0.201120
0.001104	0.191025
0.001082	0.179495
0.001099	0.171115
0.001120	0.159535
0.001094	0.149530
0.001088	0.141270
0.001094	0.129220
0.001087	0.121610
0.001094	0.108935
0.001101	0.101690
0.001115	0.090475
0.001116	0.080650
0.001108	0.070920
0.001085	0.060850
0.001116	0.050650
0.001100	0.041070
0.001087	0.029580
0.001111	0.020710
0.001102	0.010430
0.001087	-8.017330
0.001092	-8.010260
0.001088	-8.020440
0.001080	-8.030475
0.001097	-8.040410
0.001087	-8.050485
0.001090	-8.060465
0.001077	-8.070470
0.001106	-8.080465
0.001080	-8.090470
0.001090	-8.100430
0.001101	-8.110455
0.001074	-8.120475
0.001097	-8.130435
0.001099	-8.140495
0.001091	-8.150450
0.001091	-8.160560
0.001076	-8.170510
0.001083	-8.180480
0.001088	-8.190440
0.001094	-8.200475
0.001085	-8.210480
0.001080	-8.220415
0.001099	-8.230565
0.001081	-8.240500
0.001116	-8.250470
0.001069	-8.260505
0.001081	-8.270460
0.001088	-8.280425
0.001109	-8.290470
0.001092	-8.300540
0.001076	-8.310450
0.001092	-8.320540
0.001086	-8.330490
0.001097	-8.340440
0.001060	-8.350495
0.001076	-8.360500
0.001080	-8.370480
0.001077	-8.380485
0.001102	-8.390495
0.001116	-8.400445
0.001116	-8.410435
0.001100	-8.420510
0.001108	-8.430560
0.001122	-8.440365
0.001090	-8.450475
0.001082	-8.460560
0.001080	-8.470365
0.001078	-8.480560
0.001086	-8.490535
0.001113	-8.500405
0.001104	-8.510520
0.001110	-8.520530
0.001064	-8.530455
0.001099	-8.540485
0.001113	-8.550535
0.001099	-8.560520
0.001076	-8.570505
0.001076	-8.580495
0.001085	-8.590510
0.001080	-8.600460
0.001101	-8.610555
0.001069	-8.620490
0.001091	-8.630475
0.001087	-8.640505
0.001110	-8.650510
0.001102	-8.660475
0.001111	-8.670565
0.001090	-8.680505
0.001114	-8.690425
0.001100	-8.700560
0.001105	-8.710480
0.001086	-8.720440
0.001110	-8.730560
0.001110	-8.740570
0.001088	-8.750465
0.001080	-8.760510
0.001078	-8.770505
0.001077	-8.780440
0.001109	-8.790475
0.001092	-8.800525
0.001064	-8.810435
0.001091	-8.820500
0.001101	-8.830510
0.001078	-8.840445
0.001072	-8.850490
0.001090	-8.860505
0.001090	-8.870430
0.001114	-8.880495
0.001096	-8.890455
0.001081	-8.900480
0.001095	-8.910465
0.001101	-8.920510
0.001088	-8.930465
0.001102	-8.940440
0.001118	-8.950485
0.001096	-8.960445
0.001110	-8.970375
0.001095	-8.980575
0.001114	-8.990510
0.001091	-9.000405
0.001088	-9.010485
0.001087	-9.020485
0.001094	-9.030395
0.001110	-9.040460
0.001100	-9.050525
0.001115	-9.060455
0.001076	-9.070465
0.001100	-9.080455
0.001078	-9.090460
0.001085	-9.100495
0.001109	-9.110450
0.001111	-9.120535
0.001086	-9.130440
0.001078	-9.140505
0.001087	-9.150510
0.001124	-9.160455
0.001091	-9.170520
0.001090	-9.180540
0.001090	-9.190550
0.001095	-9.200465
0.001118	-9.210515
0.001096	-9.220450
0.001091	-9.230525
0.001114	-9.240455
0.001091	-9.250480
0.001114	-9.260490
0.001095	-9.270495
0.001096	-9.280445
0.001100	-9.290520
0.001102	-9.300500
0.001100	-9.310435
0.001115	-9.320555
0.001090	-9.330485
0.001086	-9.340445
0.001087	-9.350520
0.001109	-9.360510
0.001091	-9.370500
0.001104	-9.380450
0.001102	-9.390500
0.001105	-9.400425
0.001104	-9.410540
0.001092	-9.420480
0.001092	-9.430480
0.001088	-9.440440
0.001104	-9.450475
0.001096	-9.460540
0.001092	-9.470420
0.001080	-9.480490
0.001097	-9.490535
0.001111	-9.500430
0.001108	-9.510455
0.001100	-9.520555
0.001087	-9.530480
0.001101	-9.540495
0.001097	-9.550550
0.001101	-9.560510
0.001105	-9.570495
0.001099	-9.580540
0.001092	-9.590515
0.001105	-9.600445
0.001116	-9.610520
0.001109	-9.620575
0.001099	-9.630435
0.001123	-9.640550
0.001104	-9.650515
0.001099	-9.660470
0.001110	-9.670480
0.001105	-9.680485
0.001114	-9.690405
0.001087	-9.700545
0.001122	-9.710495
0.001118	-9.720440
0.001129	-9.730550
0.001115	-9.740515
0.001113	-9.750460
0.001144	-9.760475
0.001147	-9.770500
0.001139	-9.780450
0.001136	-9.790510
0.001153	-9.800550
0.001144	-9.810430
0.001157	-9.820540
0.001161	-9.830495
0.001165	-9.840410
0.001170	-9.850500
0.001189	-9.860460
0.001193	-9.870450
0.001198	-9.880490
0.001205	-9.890465
0.001212	-9.900460
0.001214	-9.910505
0.001228	-9.920485
0.001227	-9.930480
0.001240	-9.940450
0.001246	-9.950440
0.001253	-9.960475
0.001261	-9.970345
0.001263	-9.980555
0.001273	-9.990485
0.001277	-10.000480
0.001282	-10.010425
0.001291	-10.020490
0.001293	-10.030465
0.001305	-10.040420
0.001311	-10.050510
0.001306	-10.060490
0.001315	-10.070480
0.001317	-10.080445
0.001322	-10.090505
0.001322	-10.100435
0.001328	-10.110450
0.001329	-10.120495
0.001334	-10.130455
0.001338	-10.140480
0.001342	-10.150490
0.001347	-10.160460
0.001349	-10.170500
0.001350	-10.180480
0.001349	-10.190420
0.001355	-10.200440
0.001357	-10.210505
0.001357	-10.220415
0.001357	-10.230560
0.001358	-10.240500
0.001362	-10.250435
0.001361	-10.260525
0.001361	-10.270510
0.001364	-10.280455
0.001364	-10.290475
0.001364	-10.300575
0.001364	-10.310425
0.001362	-10.320510
0.001366	-10.330510
0.001366	-10.340425
0.001366	-10.350485
0.001364	-10.360485
0.001366	-10.370430
0.001366	-10.380490
0.001366	-10.390500
0.001367	-10.400445
0.001363	-10.410545
0.001364	-10.420505
0.001366	-10.430460
0.001366	-10.440410
0.001367	-10.450500
0.001367	-10.460495
0.001364	-10.470380
0.001367	-10.480580
0.001366	-10.490520
0.001366	-10.500445
0.001367	-10.510525
0.001364	-10.520490
0.001366	-10.530415
0.001366	-10.540555
0.001366	-10.550540
0.001364	-10.560380
0.001366	-10.570580
0.001366	-10.580510
0.001364	-10.590420
0.001366	-10.600485
0.001366	-10.610545
0.001366	-10.620510
0.001366	-10.630385
0.001367	-10.640560
0.001364	-10.650570
0.001367	-10.660435
0.001366	-10.670495
0.001366	-10.680565
0.001366	-10.690410
0.001366	-10.700525
0.001364	-10.710520
0.001366	-10.720465
0.001364	-10.730480
0.001367	-10.740520
0.001366	-10.750600
0.001366	-10.760470
0.001367	-10.770500
0.001367	-10.780480
0.001367	-10.790490
0.001366	-10.800495
0.001366	-10.810425
0.001366	-10.820510
0.001367	-10.830490
0.001366	-10.840415
0.001367	-10.850510
0.001367	-10.860485
0.001366	-10.870440
0.001367	-10.880540
0.001366	-10.890510
0.001364	-10.900435
0.001366	-10.910525
0.001366	-10.920510
0.001366	-10.930485
0.001366	-10.940435
0.001364	-10.950460
0.001367	-10.960490
0.001367	-10.970410
0.001367	-10.980535
0.001367	-10.990500
0.001366	-11.000420
0.001367	-11.010525
0.001367	-11.020485
0.001367	-11.030460
0.001367	-11.040425
0.001364	-11.050500
0.001366	-11.060495
0.001368	-11.070460
0.001367	-11.080450
0.001366	-11.090505
0.001364	-11.100445
0.001366	-11.110495
0.001368	-11.120520
0.001367	-11.130415
0.001367	-11.140510
0.001366	-11.150525
0.001364	-11.160435
0.001366	-11.170440
0.001367	-11.180595
0.001366	-11.190415
0.001366	-11.200490
0.001364	-11.210535
0.001367	-11.220430
0.001367	-11.230545
0.001368	-11.240500
0.001366	-11.250465
0.001366	-11.260525
0.001368	-11.270510
0.001367	-11.280470
0.001367	-11.290550
0.001367	-11.300545
0.001366	-11.310440
0.001366	-11.320560
0.001368	-11.330515
0.001366	-11.340440
0.001366	-11.350515
0.001367	-11.360590
0.001366	-11.370480
0.001367	-11.380485
0.001369	-11.390500
0.001366	-11.400440
0.001367	-11.410535
0.001366	-11.420445
0.001366	-11.430455
0.001369	-11.440525
0.001366	-11.450490
0.001367	-11.460440
0.001368	-11.470445
0.001368	-11.480575
0.001368	-11.490485
0.001368	-11.500455
0.001366	-11.510485
0.001366	-11.520495
0.001369	-11.530395
0.001368	-11.540540
0.001367	-11.550560
0.001368	-11.560470
0.001366	-11.570480
0.001367	-11.580505
0.001367	-11.590480
0.001368	-11.600440
0.001366	-11.610545
0.001367	-11.620550
0.001368	-11.630405
0.001368	-11.640510
0.001367	-11.650580
0.001369	-11.660380
0.001369	-11.670495
0.001367	-11.680515
0.001368	-11.690425
0.001368	-11.700480
0.001368	-11.710495
0.001367	-11.720470
0.001369	-11.730510
0.001368	-11.740505
0.001366	-11.750460
0.001367	-11.760455
0.001367	-11.770510
0.001371	-11.780495
0.001367	-11.790465
0.001367	-11.800545
0.001366	-11.810405
0.001367	-11.820505
0.001367	-11.830475
0.001366	-11.840420
0.001368	-11.850500
0.001367	-11.860475
0.001366	-11.870465
0.001366	-11.880455
0.001367	-11.890470
0.001366	-11.900405
0.001367	-11.910465
0.001366	-11.920440
0.001366	-11.930470
0.001367	-11.940425
0.001367	-11.950505
0.001368	-11.960440
0.001367	-11.970455
0.001367	-11.980550
0.001366	-11.990505
