0.001111	-0.000005
0.001125	0.000790
0.001110	0.002025
0.001101	0.003055
0.001108	0.004080
0.001116	0.005065
0.001118	0.006075
0.001125	0.007065
0.001111	0.008060
0.001111	0.009060
0.001108	0.010110
0.001122	0.011120
0.001115	0.012160
0.001118	0.013120
0.001123	0.014105
0.001104	0.015105
0.001119	0.016125
0.001119	0.017090
0.001113	0.018135
0.001118	0.019085
0.001116	0.020130
0.001114	0.021075
0.001118	0.022120
0.001119	0.023115
0.001123	0.024115
0.001106	0.025130
0.001104	0.026060
0.001109	0.027145
0.001109	0.028100
0.001120	0.029120
0.001111	0.030090
0.001118	0.031130
0.001109	0.032085
0.001115	0.033100
0.001113	0.034125
0.001116	0.035100
0.001109	0.036125
0.001118	0.037075
0.001123	0.038110
0.001122	0.039095
0.001110	0.040110
0.001120	0.041095
0.001116	0.042110
0.001130	0.043100
0.001111	0.044100
0.001115	0.045100
0.001116	0.046080
0.001122	0.047105
0.001124	0.048095
0.001105	0.049115
0.001109	0.050095
0.001110	0.051120
0.001111	0.052080
0.001120	0.053110
0.001119	0.054095
0.001120	0.055105
0.001118	0.056110
0.001116	0.057095
0.001115	0.058115
0.001106	0.059080
0.001118	0.060110
0.001118	0.061115
0.001101	0.062090
0.001125	0.063130
0.001132	0.064055
0.001115	0.065120
0.001111	0.066095
0.001105	0.067115
0.001101	0.068085
0.001119	0.069135
0.001106	0.070075
0.001132	0.071115
0.001125	0.072085
0.001119	0.073105
0.001110	0.074095
0.001110	0.075075
0.001122	0.076100
0.001120	0.077100
0.001111	0.078110
0.001113	0.079075
0.001110	0.080140
0.001104	0.081085
0.001114	0.082100
0.001109	0.083085
0.001115	0.084105
0.001099	0.085110
0.001102	0.086110
0.001110	0.087080
0.001116	0.088115
0.001118	0.089070
0.001106	0.090110
0.001115	0.091080
0.001119	0.092115
0.001123	0.093095
0.001114	0.094095
0.001118	0.095115
0.001119	0.096060
0.001122	0.097165
0.001119	0.098040
0.001105	0.099135
0.001106	10.100250
0.001120	10.100740
0.001118	10.102060
0.001122	10.103030
0.001105	10.104115
0.001113	10.105160
0.001119	10.106160
0.001115	10.107105
0.001109	10.108115
0.001113	10.109120
0.001111	10.110110
0.001120	10.111125
0.001120	10.112095
0.001116	10.113115
0.001111	10.114095
0.001108	10.115120
0.001109	10.116110
0.001119	10.117115
0.001109	10.118125
0.001113	10.119105
0.001105	10.120125
0.001111	10.121110
0.001122	10.122110
0.001115	10.123110
0.001111	10.124105
0.001109	10.125115
0.001111	10.126110
0.001113	10.127125
0.001109	10.128090
0.001113	10.129130
0.001108	10.130105
0.001124	10.131110
0.001108	10.132120
0.001119	10.133105
0.001130	10.134095
0.001119	10.135100
0.001115	10.136090
0.001123	10.137130
0.001118	10.138110
0.001114	10.139105
0.001106	10.140110
0.001125	10.141120
0.001119	10.142100
0.001111	10.143110
0.001116	10.144115
0.001110	10.145100
0.001106	10.146115
0.001105	10.147125
0.001123	10.148110
0.001122	10.149110
0.001122	10.150125
0.001127	10.151105
0.001120	10.152120
0.001108	10.153090
0.001106	10.154130
0.001113	10.155095
0.001118	10.156120
0.001124	10.157100
0.001114	10.158100
0.001119	10.159125
0.001114	10.160100
0.001125	10.161115
0.001110	10.162090
0.001109	10.163115
0.001123	10.164105
0.001119	10.165105
0.001124	10.166110
0.001110	10.167105
0.001123	10.168125
0.001128	10.169090
0.001124	10.170120
0.001116	10.171085
0.001106	10.172080
0.001116	10.173130
0.001122	10.174100
0.001110	10.175105
0.001116	10.176120
0.001128	10.177105
0.001110	10.178105
0.001106	10.179110
0.001114	10.180075
0.001108	10.181130
0.001111	10.182105
0.001109	10.183085
0.001120	10.184115
0.001114	10.185095
0.001125	10.186100
0.001118	10.187090
0.001119	10.188115
0.001111	10.189075
0.001113	10.190100
0.001120	10.191095
0.001122	10.192105
0.001119	10.193095
0.001104	10.194100
0.001127	10.195110
0.001109	10.196065
0.001120	10.197120
0.001118	10.198100
0.001109	10.199095
0.001119	9.899775
0.001101	9.899205
0.001110	9.897925
0.001115	9.896935
0.001118	9.895890
0.001129	9.894950
0.001115	9.893920
0.001124	9.892885
0.001115	9.891875
0.001106	9.890840
0.001102	9.889885
0.001106	9.888890
0.001113	9.887900
0.001118	9.886880
0.001108	9.885880
0.001116	9.884890
0.001110	9.883875
0.001116	9.882915
0.001116	9.881870
0.001120	9.880865
0.001115	9.879910
0.001106	9.878855
0.001111	9.877905
0.001095	9.876870
0.001099	9.875910
0.001111	9.874870
0.001114	9.873895
0.001114	9.872870
0.001124	9.871885
0.001119	9.870890
0.001115	9.869875
0.001113	9.868880
0.001116	9.867905
0.001119	9.866870
0.001116	9.865910
0.001119	9.864870
0.001134	9.863890
0.001127	9.862885
0.001114	9.861920
0.001124	9.860875
0.001111	9.859905
0.001120	9.858870
0.001125	9.857930
0.001115	9.856870
0.001119	9.855915
0.001123	9.854875
0.001118	9.853900
0.001108	9.852895
0.001123	9.851915
0.001109	9.850895
0.001116	9.849895
0.001122	9.848925
0.001100	9.847875
0.001122	9.846900
0.001122	9.845905
0.001110	9.844915
0.001115	9.843905
0.001109	9.842920
0.001109	9.841885
0.001113	9.840915
0.001119	9.839880
0.001097	9.838885
0.001115	9.837885
0.001120	9.836910
0.001114	9.835910
0.001130	9.834885
0.001111	9.833895
0.001109	9.832910
0.001115	9.831885
0.001109	9.830900
0.001116	9.829885
0.001111	9.828925
0.001115	9.827880
0.001125	9.826920
0.001111	9.825895
0.001120	9.824905
0.001125	9.823905
0.001110	9.822905
0.001114	9.821895
0.001124	9.820925
0.001114	9.819865
0.001122	9.818925
0.001119	9.817870
0.001115	9.816915
0.001122	9.815880
0.001119	9.814915
0.001108	9.813895
0.001109	9.812935
0.001120	9.811905
0.001122	9.810885
0.001115	9.809910
0.001114	9.808905
0.001118	9.807905
0.001113	9.806905
0.001110	9.805890
0.001118	9.804910
0.001110	9.803880
0.001130	9.802905
0.001118	9.801885
0.001115	9.800905
0.001113	-0.200570
0.001133	-0.200665
0.001128	-0.202035
0.001124	-0.203070
0.001125	-0.204075
0.001109	-0.205095
0.001111	-0.206075
0.001115	-0.207070
0.001110	-0.208085
0.001115	-0.209070
0.001123	-0.210095
0.001113	-0.211170
0.001123	-0.212160
0.001113	-0.213110
0.001111	-0.214140
0.001115	-0.215090
0.001123	-0.216120
0.001111	-0.217095
0.001130	-0.218120
0.001122	-0.219090
0.001106	-0.220135
0.001099	-0.221100
0.001099	-0.222125
0.001104	-0.223060
0.001106	-0.224130
0.001100	-0.225130
0.001109	-0.226085
0.001115	-0.227120
0.001111	-0.228125
0.001100	-0.229110
0.001108	-0.230105
0.001118	-0.231115
0.001102	-0.232100
0.001113	-0.233120
0.001102	-0.234105
0.001119	-0.235130
0.001106	-0.236100
0.001104	-0.237145
0.001101	-0.238090
0.001099	-0.239110
0.001116	-0.240125
0.001114	-0.241145
0.001118	-0.242075
0.001113	-0.243150
0.001114	-0.244110
0.001111	-0.245115
0.001095	-0.246090
0.001115	-0.247110
0.001118	-0.248100
0.001120	-0.249110
0.001119	-0.250105
0.001105	-0.251120
0.001104	-0.252080
0.001106	-0.253105
0.001113	-0.254105
0.001115	-0.255115
0.001115	-0.256095
0.001120	-0.257090
0.001116	-0.258115
0.001116	-0.259105
0.001114	-0.260110
0.001113	-0.261100
0.001108	-0.262140
0.001106	-0.263120
0.001120	-0.264105
0.001123	-0.265130
0.001101	-0.266115
0.001111	-0.267125
0.001116	-0.268075
0.001092	-0.269135
0.001101	-0.270125
0.001100	-0.271075
0.001097	-0.272155
0.001114	-0.273095
0.001102	-0.274125
0.001114	-0.275105
0.001114	-0.276105
0.001102	-0.277120
0.001116	-0.278075
0.001118	-0.279125
0.001127	-0.280095
0.001108	-0.281110
0.001102	-0.282080
0.001111	-0.283120
0.001104	-0.284080
0.001106	-0.285105
0.001106	-0.286120
0.001104	-0.287120
0.001116	-0.288115
0.001104	-0.289115
0.001102	-0.290090
0.001104	-0.291140
0.001115	-0.292115
0.001100	-0.293100
0.001099	-0.294125
0.001097	-0.295080
0.001106	-0.296150
0.001114	-0.297100
0.001106	-0.298105
0.001102	-0.299110
