0.001367	-11.999980
0.001368	-11.990015
0.001366	-11.980015
0.001367	-11.970025
0.001368	-11.960025
0.001368	-11.950020
0.001369	-11.940015
0.001367	-11.930015
0.001367	-11.920020
0.001366	-11.910020
0.001367	-11.900020
0.001367	-11.890015
0.001367	-11.880020
0.001368	-11.870025
0.001368	-11.860020
0.001367	-11.850020
0.001367	-11.840020
0.001367	-11.830025
0.001368	-11.820020
0.001367	-11.810020
0.001367	-11.800020
0.001367	-11.790025
0.001367	-11.780020
0.001367	-11.770020
0.001369	-11.760025
0.001367	-11.750020
0.001367	-11.740015
0.001367	-11.730015
0.001367	-11.720025
0.001367	-11.710020
0.001366	-11.700015
0.001366	-11.690020
0.001368	-11.680015
0.001367	-11.670015
0.001368	-11.660015
0.001368	-11.650015
0.001368	-11.640020
0.001368	-11.630025
0.001367	-11.620020
0.001368	-11.610020
0.001367	-11.600010
0.001368	-11.590000
0.001367	-11.580010
0.001368	-11.570010
0.001367	-11.560020
0.001366	-11.550030
0.001367	-11.540025
0.001366	-11.530020
0.001366	-11.520025
0.001366	-11.510025
0.001366	-11.500020
0.001367	-11.490015
0.001366	-11.480025
0.001367	-11.470025
0.001368	-11.460005
0.001368	-11.450020
0.001367	-11.440030
0.001366	-11.430000
0.001367	-11.420015
0.001367	-11.410025
0.001367	-11.400015
0.001367	-11.390025
0.001366	-11.380025
0.001368	-11.370025
0.001366	-11.360015
0.001367	-11.350025
0.001367	-11.340030
0.001366	-11.330010
0.001364	-11.320020
0.001367	-11.310030
0.001366	-11.300020
0.001364	-11.290015
0.001367	-11.280025
0.001367	-11.270020
0.001366	-11.260025
0.001366	-11.250025
0.001366	-11.240015
0.001366	-11.230025
0.001366	-11.220020
0.001364	-11.210025
0.001366	-11.200015
0.001366	-11.190020
0.001366	-11.180020
0.001366	-11.170020
0.001366	-11.160025
0.001367	-11.150020
0.001364	-11.140020
0.001364	-11.130020
0.001367	-11.120015
0.001367	-11.110020
0.001367	-11.100025
0.001366	-11.090020
0.001366	-11.080025
0.001366	-11.070025
0.001366	-11.060020
0.001368	-11.050020
0.001367	-11.040020
0.001366	-11.030020
0.001367	-11.020020
0.001366	-11.010020
0.001367	-11.000020
0.001367	-10.990020
0.001366	-10.980015
0.001366	-10.970025
0.001366	-10.960020
0.001367	-10.950020
0.001366	-10.940020
0.001367	-10.930015
0.001366	-10.920020
0.001367	-10.910020
0.001366	-10.900020
0.001366	-10.890025
0.001366	-10.880020
0.001368	-10.870030
0.001364	-10.860020
0.001367	-10.850030
0.001366	-10.840020
0.001366	-10.830025
0.001366	-10.820025
0.001366	-10.810020
0.001366	-10.800025
0.001366	-10.790030
0.001367	-10.780030
0.001364	-10.770020
0.001367	-10.760030
0.001366	-10.750030
0.001367	-10.740015
0.001367	-10.730025
0.001367	-10.720025
0.001366	-10.710020
0.001367	-10.700025
0.001368	-10.690025
0.001366	-10.680025
0.001366	-10.670035
0.001369	-10.660025
0.001364	-10.650025
0.001366	-10.640025
0.001368	-10.630025
0.001366	-10.620025
0.001364	-10.610025
0.001366	-10.600025
0.001366	-10.590015
0.001367	-10.580025
0.001367	-10.570030
0.001366	-10.560025
0.001368	-10.550030
0.001367	-10.540030
0.001367	-10.530025
0.001366	-10.520025
0.001367	-10.510035
0.001366	-10.500025
0.001366	-10.490015
0.001366	-10.480030
0.001366	-10.470030
0.001366	-10.460025
0.001366	-10.450030
0.001366	-10.440030
0.001366	-10.430025
0.001364	-10.420020
0.001366	-10.410040
0.001367	-10.400030
0.001364	-10.390020
0.001366	-10.380030
0.001366	-10.370025
0.001366	-10.360020
0.001366	-10.350030
0.001366	-10.340035
0.001366	-10.330015
0.001364	-10.320025
0.001366	-10.310030
0.001364	-10.300020
0.001363	-10.290020
0.001363	-10.280025
0.001363	-10.270015
0.001363	-10.260025
0.001363	-10.250025
0.001361	-10.240020
0.001359	-10.230030
0.001357	-10.220025
0.001358	-10.210025
0.001353	-10.200020
0.001352	-10.190025
0.001349	-10.180020
0.001349	-10.170020
0.001345	-10.160020
0.001343	-10.150020
0.001339	-10.140020
0.001335	-10.130020
0.001329	-10.120020
0.001330	-10.110020
0.001325	-10.100020
0.001321	-10.090020
0.001317	-10.080020
0.001317	-10.070020
0.001311	-10.060025
0.001306	-10.050025
0.001305	-10.040025
0.001294	-10.030025
0.001291	-10.020025
0.001278	-10.010030
0.001279	-10.000020
0.001275	-9.990030
0.001261	-9.980025
0.001263	-9.970030
0.001259	-9.960020
0.001253	-9.950030
0.001233	-9.940025
0.001233	-9.930025
0.001225	-9.920030
0.001217	-9.910030
0.001207	-9.900025
0.001204	-9.890015
0.001199	-9.880025
0.001194	-9.870025
0.001191	-9.860020
0.001188	-9.850020
0.001165	-9.840030
0.001150	-9.830025
0.001156	-9.820025
0.001146	-9.810030
0.001141	-9.800010
0.001144	-9.790015
0.001147	-9.780030
0.001144	-9.770020
0.001138	-9.760030
0.001146	-9.750030
0.001133	-9.740030
0.001111	-9.730025
0.001129	-9.720030
0.001120	-9.710025
0.001130	-9.700025
0.001111	-9.690030
0.001118	-9.680025
0.001108	-9.670025
0.001111	-9.660030
0.001122	-9.650030
0.001087	-9.640030
0.001111	-9.630030
0.001100	-9.620025
0.001086	-9.610030
0.001105	-9.600035
0.001086	-9.590025
0.001099	-9.580030
0.001094	-9.570030
0.001090	-9.560020
0.001090	-9.550030
0.001097	-9.540025
0.001080	-9.530025
0.001104	-9.520030
0.001088	-9.510025
0.001101	-9.500025
0.001099	-9.490025
0.001077	-9.480025
0.001109	-9.470015
0.001091	-9.460015
0.001095	-9.450025
0.001097	-9.440030
0.001122	-9.430010
0.001110	-9.420020
0.001085	-9.410025
0.001096	-9.400020
0.001096	-9.390020
0.001097	-9.380020
0.001096	-9.370025
0.001095	-9.360015
0.001080	-9.350030
0.001105	-9.340025
0.001096	-9.330025
0.001106	-9.320020
0.001109	-9.310025
0.001100	-9.300020
0.001085	-9.290025
0.001114	-9.280025
0.001086	-9.270025
0.001106	-9.260025
0.001095	-9.250025
0.001071	-9.240020
0.001105	-9.230025
0.001094	-9.220020
0.001094	-9.210020
0.001099	-9.200020
0.001119	-9.190025
0.001088	-9.180010
0.001113	-9.170015
0.001086	-9.160025
0.001102	-9.150020
0.001100	-9.140020
0.001097	-9.130020
0.001097	-9.120020
0.001108	-9.110020
0.001099	-9.100020
0.001109	-9.090025
0.001087	-9.080020
0.001115	-9.070025
0.001109	-9.060010
0.001100	-9.050025
0.001125	-9.040020
0.001095	-9.030020
0.001097	-9.020020
0.001113	-9.010020
0.001074	-9.000020
0.001110	-8.990025
0.001092	-8.980025
0.001083	-8.970020
0.001091	-8.960020
0.001083	-8.950020
0.001088	-8.940020
0.001101	-8.930025
0.001105	-8.920025
0.001105	-8.910030
0.001073	-8.900025
0.001091	-8.890015
0.001087	-8.880020
0.001095	-8.870025
0.001096	-8.860020
0.001092	-8.850025
0.001091	-8.840025
0.001078	-8.830015
0.001097	-8.820020
0.001092	-8.810020
0.001092	-8.800015
0.001080	-8.790020
0.001105	-8.780025
0.001062	-8.770025
0.001120	-8.760015
0.001106	-8.750025
0.001096	-8.740015
0.001086	-8.730015
0.001077	-8.720020
0.001080	-8.710030
0.001119	-8.700025
0.001114	-8.690030
0.001066	-8.680020
0.001111	-8.670030
0.001088	-8.660035
0.001086	-8.650035
0.001100	-8.640030
0.001094	-8.630035
0.001099	-8.620020
0.001081	-8.610025
0.001083	-8.600025
0.001106	-8.590020
0.001091	-8.580025
0.001077	-8.570035
0.001101	-8.560025
0.001101	-8.550035
0.001114	-8.540030
0.001074	-8.530025
0.001074	-8.520035
0.001074	-8.510030
0.001090	-8.500025
0.001091	-8.490035
0.001108	-8.480035
0.001097	-8.470030
0.001113	-8.460030
0.001088	-8.450030
0.001087	-8.440025
0.001102	-8.430030
0.001109	-8.420030
0.001081	-8.410035
0.001096	-8.400025
0.001106	-8.390025
0.001074	-8.380025
0.001069	-8.370030
0.001109	-8.360025
0.001088	-8.350035
0.001111	-8.340030
0.001071	-8.330020
0.001101	-8.320030
0.001090	-8.310035
0.001115	-8.300025
0.001109	-8.290025
0.001119	-8.280030
0.001091	-8.270015
0.001092	-8.260025
0.001106	-8.250025
0.001130	-8.240025
0.001104	-8.230025
0.001105	-8.220025
0.001099	-8.210025
0.001102	-8.200020
0.001085	-8.190025
0.001092	-8.180020
0.001088	-8.170020
0.001083	-8.160030
0.001115	-8.150025
0.001090	-8.140020
0.001108	-8.130030
0.001077	-8.120020
0.001082	-8.110020
0.001097	-8.100020
0.001086	-8.090020
0.001091	-8.080020
0.001099	-8.070025
0.001124	-8.060020
0.001071	-8.050030
0.001096	-8.040020
0.001114	-8.030025
0.001102	-8.020025
0.001116	-8.010025

0.001110	-0.000050
0.001120	0.010005
0.001088	0.020025
0.001106	0.029985
0.001088	0.039980
0.001102	0.050060
0.001116	0.060045
0.001095	0.070030
0.001111	0.080075
0.001123	0.090055
0.001095	0.100055
0.001119	0.110065
0.001109	0.120070
0.001097	0.130015
0.001095	0.140105
0.001104	0.150045
0.001109	0.159980
0.001108	0.170085
0.001106	0.180115
0.001095	0.189980
0.001118	0.200150
0.001094	0.210080
0.001108	0.220075
0.001102	0.229975
0.001110	0.240010
0.001110	0.249995
0.001123	0.260055
0.001113	0.270060
0.001088	0.280090
0.001120	0.290120
0.001113	0.300085
0.001106	0.310100
0.001082	0.320130
0.001105	0.330015
0.001097	0.340110
0.001072	0.350120
0.001120	0.360090
0.001102	0.370075
0.001106	0.380120
0.001119	0.390035
0.001101	0.400100
0.001132	0.410135
0.001102	0.420090
0.001115	0.430050
0.001092	0.440140
0.001102	0.450075
0.001114	0.460070
0.001101	0.470135
0.001101	0.480125
0.001113	0.490075
0.001100	0.500115
0.001115	0.510130
0.001110	0.520065
0.001106	0.530080
0.001086	0.540140
0.001114	0.550065
0.001118	0.560110
0.001124	0.570130
0.001111	0.580135
0.001100	0.590060
0.001104	0.600095
0.001090	0.610140
0.001113	0.620065
0.001120	0.630110
0.001091	0.640150
0.001104	0.650065
0.001091	0.660085
0.001086	0.670145
0.001115	0.680070
0.001099	0.690065
0.001115	0.700145
0.001110	0.710070
0.001115	0.720075
0.001099	0.730140
0.001102	0.740030
0.001102	0.750055
0.001122	0.760115
0.001086	0.770040
0.001109	0.780090
0.001127	0.790050
0.001096	0.800125
0.001120	0.810035
0.001119	0.820105
0.001095	0.830045
0.001097	0.840075
0.001118	0.850040
0.001105	0.860050
0.001115	0.870030
0.001113	0.880070
0.001114	0.890005
0.001110	0.900015
0.001105	0.910085
0.001099	0.919995
0.001101	0.930075
0.001095	0.940035
0.001124	0.950010
0.001123	0.960020
0.001105	0.970055
0.001118	0.980075
0.001094	0.990030
0.001092	1.000040
0.001123	1.010045
0.001095	1.020025
0.001129	1.030020
0.001104	1.040085
0.001095	1.050060
0.001115	1.060035
0.001100	1.070055
0.001125	1.080095
0.001097	1.090040
0.001097	1.099995
0.001122	1.110095
0.001116	1.120040
0.001108	1.130040
0.001104	1.140130
0.001128	1.150010
0.001085	1.160060
0.001123	1.170125
0.001104	1.180070
0.001120	1.190030
0.001124	1.200130
0.001123	1.210105
0.001111	1.220035
0.001123	1.230135
0.001118	1.239980
0.001115	1.250085
0.001136	1.260125
0.001141	1.270080
0.001120	1.280110
0.001106	1.290100
0.001127	1.300125
0.001134	1.310085
0.001120	1.320140
0.001134	1.330055
0.001120	1.340135
0.001125	1.350135
0.001122	1.360115
0.001138	1.370085
0.001136	1.380145
0.001116	1.390025
0.001116	1.400145
0.001116	1.410145
0.001115	1.420035
0.001111	1.430140
0.001116	1.440150
0.001115	1.450015
0.001137	1.460135
0.001127	1.470140
0.001125	1.480140
0.001128	1.490105
0.001134	1.500155
0.001137	1.510115
0.001151	1.519975
0.001147	1.530120
0.001097	1.540145
0.001150	1.550075
0.001125	1.560155
0.001101	1.570155
0.001120	1.580135
0.001129	1.590100
0.001120	1.600155
0.001115	1.610155
0.001127	1.620095
0.001132	1.630055
0.001124	1.640150
0.001101	1.650050
0.001128	1.660110
0.001120	1.670150
0.001133	1.680140
0.001134	1.690060
0.001136	1.700150
0.001133	1.710105
0.001124	1.720100
0.001134	1.730150
0.001123	1.740060
0.001127	1.750085
0.001122	1.760130
0.001128	1.770095
0.001114	1.780095
0.001134	1.789980
0.001125	1.800065
0.001115	1.810065
0.001124	1.820115
0.001136	1.830035
0.001132	1.840085
0.001115	1.850070
0.001139	1.860065
0.001136	1.870030
0.001133	1.880075
0.001118	1.889995
0.001139	1.900000
0.001127	1.910065
0.001125	1.919995
0.001118	1.930015
0.001127	1.940020
0.001116	1.949980
0.001124	1.959985
0.001122	1.969990
0.001120	1.980075
0.001134	1.990000
0.001124	1.999980
0.001116	2.009995
0.001136	2.019970
0.001137	2.029995
0.001124	2.039980
0.001116	2.050005
0.001133	2.059980
0.001155	2.070045
0.001129	2.079980
0.001129	2.090005
0.001127	2.099980
0.001130	2.110065
0.001115	2.119980
0.001147	2.130005
0.001128	2.139985
0.001102	2.150010
0.001136	2.159975
0.001130	2.170060
0.001137	2.179975
0.001132	2.189990
0.001122	2.199985
0.001133	2.209990
0.001137	2.220010
0.001139	2.229985
0.001137	2.240025
0.001137	2.249975
0.001156	2.260030
0.001132	2.269980
0.001143	2.280015
0.001147	2.289980
0.001137	2.300085
0.001157	2.309975
0.001144	2.320090
0.001146	2.329980
0.001151	2.340005
0.001175	2.349980
0.001175	2.360025
0.001165	2.369975
0.001172	2.380110
0.001183	2.389980
0.001189	2.400015
0.001207	2.409985
0.001205	2.419995
0.001217	2.429975
0.001212	2.440075
0.001228	2.449975
0.001222	2.460000
0.001227	2.469990
0.001240	2.479975
0.001247	2.490040
0.001255	2.499980
0.001266	2.510015
0.001265	2.519970
0.001273	2.530090
0.001278	2.539980
0.001288	2.550020
0.001291	2.559975
0.001303	2.570070
0.001308	2.579980
0.001310	2.589995
0.001312	2.599980
0.001316	2.610105
0.001316	2.619975
0.001324	2.629990
0.001325	2.639985
0.001330	2.650025
0.001335	2.659975
0.001339	2.670110
0.001344	2.679975
0.001343	2.690000
0.001345	2.699975
0.001354	2.710035
0.001353	2.719975
0.001354	2.730085
0.001357	2.739980
0.001355	2.749995
0.001362	2.759980
0.001363	2.769975
0.001364	2.780000
0.001364	2.789980
0.001363	2.800065
0.001364	2.809975
0.001366	2.820010
0.001366	2.829985
0.001366	2.840005
0.001368	2.849985
0.001368	2.860010
0.001367	2.869980
0.001367	2.879995
0.001368	2.889975
0.001368	2.899985
0.001368	2.909985
0.001369	2.919985
0.001366	2.929985
0.001368	2.939985
0.001371	2.949985
0.001369	2.959990
0.001367	2.969975
0.001371	2.980000
0.001367	2.989975
0.001371	2.999990
0.001368	3.009975
0.001368	3.019985
0.001369	3.029985
0.001372	3.039985
0.001368	3.049985
0.001369	3.059975
0.001367	3.069990
0.001371	3.079980
0.001368	3.089995
0.001367	3.099985
0.001369	3.110010
0.001371	3.119985
0.001371	3.130015
0.001369	3.139980
0.001371	3.149990
0.001371	3.159985
0.001372	3.170030
0.001368	3.179975
0.001368	3.189985
0.001369	3.199985
0.001367	3.210015
0.001368	3.219975
0.001371	3.230015
0.001368	3.239970
0.001368	3.249995
0.001369	3.259980
0.001369	3.269990
0.001371	3.279985
0.001369	3.290005
0.001371	3.299980
0.001371	3.309980
0.001369	3.320100
0.001368	3.329980
0.001371	3.340020
0.001369	3.349980
0.001369	3.360005
0.001368	3.369975
0.001371	3.380045
0.001368	3.389980
0.001372	3.400005
0.001368	3.409985
0.001369	3.420030
0.001367	3.429975
0.001369	3.440090
0.001369	3.449975
0.001367	3.459995
0.001368	3.469975
0.001368	3.480060
0.001369	3.489970
0.001367	3.500110
0.001368	3.509970
0.001368	3.519990
0.001371	3.529970
0.001368	3.540130
0.001369	3.549965
0.001371	3.560025
0.001369	3.569985
0.001371	3.579970
0.001369	3.590045
0.001371	3.599960
0.001369	3.610065
0.001369	3.619970
0.001368	3.630100
0.001371	3.639975
0.001369	3.650010
0.001368	3.659975
0.001369	3.670170
0.001368	3.679970
0.001368	3.690065
0.001368	3.699975
0.001369	3.710135
0.001369	3.719960
0.001369	3.730135
0.001371	3.739970
0.001369	3.750020
0.001371	3.759975
0.001368	3.770080
0.001369	3.779960
0.001367	3.790020
0.001371	3.799970
0.001369	3.809995
0.001371	3.819975
0.001369	3.830080
0.001369	3.839970
0.001368	3.849985
0.001368	3.859975
0.001368	3.869965
0.001371	3.880025
0.001367	3.889965
0.001366	3.900020
0.001367	3.909965
0.001372	3.920000
0.001368	3.929975
0.001369	3.940000
0.001369	3.949970
0.001369	3.959990
0.001367	3.969975
0.001367	3.980000


0.001371	3.989965
0.001372	3.999980
0.001369	3.990025
0.001369	3.980015
0.001371	3.970015
0.001367	3.960020
0.001371	3.950010
0.001371	3.940020
0.001369	3.930015
0.001368	3.920020
0.001367	3.910030
0.001368	3.900015
0.001369	3.890005
0.001369	3.880020
0.001369	3.870015
0.001369	3.860015
0.001369	3.850020
0.001369	3.840010
0.001368	3.830020
0.001369	3.820005
0.001369	3.810020
0.001369	3.800010
0.001372	3.790020
0.001368	3.779995
0.001369	3.770015
0.001367	3.760015
0.001369	3.750020
0.001368	3.739980
0.001371	3.730020
0.001369	3.719935
0.001369	3.710020
0.001371	3.699955
0.001371	3.690015
0.001369	3.679915
0.001371	3.670025
0.001367	3.659890
0.001368	3.650020
0.001367	3.639965
0.001368	3.630025
0.001367	3.619955
0.001368	3.610020
0.001369	3.599890
0.001372	3.590015
0.001367	3.579970
0.001369	3.570020
0.001369	3.560020
0.001368	3.549950
0.001368	3.540020
0.001368	3.529860
0.001369	3.520025
0.001368	3.510005
0.001368	3.500025
0.001367	3.489880
0.001368	3.480030
0.001369	3.469905
0.001369	3.460025
0.001369	3.449930
0.001367	3.440030
0.001369	3.429870
0.001366	3.420030
0.001369	3.409975
0.001369	3.400025
0.001368	3.389925
0.001371	3.380030
0.001368	3.369870
0.001368	3.360025
0.001368	3.349980
0.001371	3.340025
0.001367	3.329925
0.001368	3.320025
0.001366	3.309995
0.001369	3.300030
0.001367	3.290025
0.001368	3.279990
0.001368	3.270030
0.001368	3.259990
0.001367	3.250020
0.001366	3.239990
0.001367	3.230025
0.001371	3.219955
0.001367	3.210015
0.001367	3.199985
0.001368	3.190015
0.001368	3.180015
0.001369	3.170030
0.001371	3.159955
0.001368	3.150025
0.001367	3.140000
0.001369	3.130020
0.001369	3.119980
0.001368	3.110020
0.001368	3.099985
0.001367	3.090020
0.001368	3.080010
0.001366	3.070030
0.001367	3.060005
0.001367	3.050020
0.001368	3.040015
0.001367	3.030025
0.001368	3.020025
0.001368	3.009995
0.001366	3.000025
0.001368	2.989990
0.001366	2.980025
0.001367	2.970010
0.001366	2.960025
0.001367	2.950005
0.001364	2.940025
0.001368	2.929990
0.001364	2.920025
0.001367	2.910005
0.001366	2.900025
0.001366	2.889930
0.001364	2.880025
0.001366	2.869940
0.001364	2.860020
0.001367	2.849985
0.001364	2.840020
0.001364	2.829910
0.001364	2.820025
0.001363	2.809915
0.001362	2.800025
0.001361	2.789985
0.001361	2.780020
0.001357	2.769955
0.001355	2.760025
0.001358	2.750020
0.001352	2.739935
0.001350	2.730025
0.001350	2.719895
0.001344	2.710020
0.001343	2.699980
0.001340	2.690015
0.001338	2.679975
0.001329	2.670025
0.001333	2.659870
0.001329	2.650025
0.001321	2.639930
0.001317	2.630025
0.001317	2.619940
0.001314	2.610025
0.001312	2.599870
0.001302	2.590025
0.001298	2.579920
0.001296	2.570030
0.001282	2.559925
0.001277	2.550030
0.001275	2.539980
0.001270	2.530010
0.001265	2.519915
0.001258	2.510030
0.001255	2.500000
0.001253	2.490025
0.001241	2.479970
0.001232	2.470030
0.001232	2.460025
0.001223	2.449950
0.001217	2.440030
0.001209	2.429890
0.001200	2.420030
0.001202	2.410015
0.001194	2.400020
0.001171	2.389915
0.001193	2.380035
0.001174	2.369910
0.001162	2.360025
0.001162	2.349985
0.001158	2.340025
0.001148	2.329965
0.001171	2.320030
0.001156	2.309875
0.001146	2.300025
0.001128	2.289995
0.001142	2.280015
0.001122	2.269980
0.001144	2.260025
0.001136	2.249965
0.001130	2.240030
0.001152	2.230015
0.001129	2.220025
0.001142	2.209980
0.001146	2.200030
0.001144	2.190020
0.001133	2.179985
0.001130	2.170025
0.001113	2.159970
0.001130	2.150025
0.001143	2.139995
0.001122	2.130025
0.001133	2.119980
0.001109	2.110025
0.001124	2.099945
0.001134	2.090025
0.001104	2.080010
0.001120	2.070020
0.001130	2.059970
0.001119	2.050025
0.001136	2.040015
0.001133	2.030020
0.001128	2.020000
0.001133	2.010025
0.001146	1.999975
0.001123	1.990020
0.001133	1.979990
0.001114	1.969915
0.001128	1.960005
0.001128	1.950015
0.001125	1.940010
0.001152	1.929970
0.001124	1.919985
0.001139	1.909985
0.001146	1.899920
0.001124	1.889980
0.001146	1.879985
0.001134	1.869890
0.001128	1.859950
0.001119	1.849970
0.001136	1.839930
0.001109	1.829895
0.001125	1.820010
0.001119	1.809900
0.001127	1.799915
0.001116	1.789975
0.001130	1.780020
0.001136	1.769895
0.001128	1.759925
0.001116	1.749975
0.001116	1.739920
0.001123	1.729925
0.001114	1.719875
0.001142	1.709930
0.001116	1.699890
0.001138	1.689875
0.001127	1.679935
0.001114	1.669885
0.001122	1.659870
0.001128	1.649910
0.001111	1.639890
0.001139	1.629865
0.001114	1.619945
0.001120	1.609905
0.001123	1.599875
0.001120	1.589875
0.001139	1.579870
0.001129	1.569920
0.001120	1.559855
0.001133	1.549895
0.001125	1.539875
0.001138	1.529850
0.001119	1.520000
0.001129	1.510025
0.001128	1.499860
0.001122	1.489885
0.001153	1.479890
0.001095	1.469870
0.001125	1.459870
0.001133	1.449935
0.001125	1.439905
0.001129	1.429850
0.001119	1.419970
0.001099	1.409895
0.001124	1.399860
0.001111	1.389935
0.001114	1.379970
0.001144	1.369850
0.001113	1.359975
0.001129	1.349890
0.001111	1.339865
0.001090	1.329875
0.001143	1.319950
0.001136	1.309865
0.001106	1.299920
0.001124	1.289935
0.001110	1.279910
0.001122	1.269885
0.001119	1.259950
0.001116	1.249890
0.001113	1.239915
0.001134	1.230030
0.001139	1.219915
0.001111	1.209935
0.001111	1.199955
0.001116	1.189880
0.001113	1.179965
0.001122	1.169930
0.001111	1.159900
0.001106	1.149960
0.001118	1.139980
0.001118	1.129930
0.001106	1.119980
0.001109	1.109995
0.001096	1.099900
0.001111	1.089985
0.001137	1.079990
0.001116	1.069935
0.001097	1.059975
0.001130	1.049995
0.001133	1.039985
0.001115	1.029930
0.001082	1.019990
0.001116	1.009985
0.001109	0.999950
0.001101	0.989990
0.001091	0.979950
0.001109	0.969970
0.001127	0.959925
0.001080	0.950010
0.001123	0.940015
0.001099	0.929970
0.001105	0.919960
0.001105	0.909970
0.001125	0.899945
0.001094	0.889965
0.001113	0.879985
0.001104	0.869915
0.001116	0.859970
0.001116	0.849960
0.001120	0.839955
0.001111	0.829900
0.001095	0.819940
0.001097	0.809940
0.001108	0.799905
0.001125	0.789950
0.001087	0.779950
0.001124	0.769890
0.001122	0.759980
0.001088	0.749885
0.001111	0.739905
0.001105	0.729910
0.001113	0.719905
0.001100	0.709870
0.001115	0.699985
0.001104	0.689870
0.001095	0.679905
0.001111	0.669935
0.001100	0.659870
0.001111	0.649910
0.001086	0.639875
0.001111	0.629945
0.001127	0.619870
0.001088	0.609945
0.001109	0.599860
0.001096	0.589870
0.001081	0.579965
0.001101	0.569865
0.001090	0.559900
0.001125	0.549875
0.001109	0.539880
0.001110	0.529855
0.001116	0.519995
0.001106	0.509905
0.001106	0.499865
0.001120	0.489885
0.001105	0.479945
0.001109	0.469865
0.001120	0.459900
0.001096	0.449905
0.001101	0.439925
0.001123	0.429875
0.001102	0.419970
0.001127	0.409855
0.001108	0.399985
0.001099	0.389910
0.001130	0.379960
0.001087	0.369860
0.001100	0.360005
0.001105	0.349935
0.001092	0.339865
0.001120	0.329955
0.001102	0.319965
0.001100	0.309870
0.001114	0.299920
0.001097	0.289965
0.001110	0.279915
0.001109	0.269880
0.001116	0.259995
0.001118	0.249965
0.001110	0.240020
0.001124	0.229955
0.001106	0.220025
0.001127	0.209895
0.001128	0.199940
0.001111	0.189905
0.001101	0.180025
0.001128	0.169955
0.001096	0.159955
0.001104	0.150025
0.001122	0.139985
0.001092	0.129950
0.001122	0.119975
0.001078	0.109985
0.001111	0.099920
0.001088	0.089895
0.001083	0.080010
0.001096	0.069955
0.001111	0.059950
0.001123	0.050005
0.001094	0.039995
0.001114	0.030015
0.001110	0.019995




0.001124	0.009980
0.001119	-7.999945
0.001092	-8.009995
0.001073	-8.019990
0.001105	-8.029975
0.001090	-8.039980
0.001097	-8.049980
0.001109	-8.059975
0.001087	-8.069975
0.001101	-8.079980
0.001094	-8.089980
0.001088	-8.099980
0.001106	-8.109980
0.001094	-8.119980
0.001086	-8.129990
0.001066	-8.139980
0.001100	-8.149985
0.001114	-8.159975
0.001090	-8.169980
0.001101	-8.179985
0.001086	-8.189990
0.001111	-8.199980
0.001104	-8.209980
0.001115	-8.219995
0.001090	-8.229980
0.001109	-8.239975
0.001108	-8.249985
0.001086	-8.259970
0.001082	-8.269980
0.001101	-8.279990
0.001091	-8.289985
0.001097	-8.299965
0.001080	-8.309985
0.001083	-8.319975
0.001113	-8.329975
0.001094	-8.339985
0.001086	-8.349975
0.001072	-8.359975
0.001087	-8.369970
0.001108	-8.379980
0.001074	-8.389975
0.001099	-8.399980
0.001095	-8.409995
0.001102	-8.419975
0.001077	-8.429975
0.001094	-8.440020
0.001076	-8.449985
0.001097	-8.459970
0.001097	-8.470005
0.001100	-8.479975
0.001085	-8.489970
0.001077	-8.499990
0.001108	-8.509975
0.001088	-8.519970
0.001099	-8.529985
0.001108	-8.539975
0.001087	-8.549970
0.001097	-8.559985
0.001096	-8.569975
0.001087	-8.579975
0.001082	-8.589980
0.001100	-8.599985
0.001082	-8.609970
0.001074	-8.619975
0.001101	-8.629985
0.001088	-8.639985
0.001094	-8.649970
0.001086	-8.659985
0.001108	-8.669970
0.001090	-8.679970
0.001096	-8.689985
0.001106	-8.699970
0.001078	-8.709975
0.001078	-8.719980
0.001091	-8.729975
0.001062	-8.739965
0.001090	-8.749980
0.001080	-8.759975
0.001106	-8.769970
0.001081	-8.779985
0.001102	-8.789980
0.001082	-8.799970
0.001087	-8.809985
0.001094	-8.819975
0.001076	-8.829975
0.001088	-8.839980
0.001090	-8.849980
0.001101	-8.859975
0.001104	-8.869975
0.001097	-8.879980
0.001101	-8.889975
0.001104	-8.899975
0.001100	-8.909980
0.001085	-8.919975
0.001073	-8.929980
0.001085	-8.939980
0.001104	-8.949980
0.001100	-8.959980
0.001086	-8.969990
0.001105	-8.979975
0.001091	-8.989970
0.001091	-8.999980
0.001096	-9.009975
0.001100	-9.019975
0.001123	-9.029980
0.001115	-9.039980
0.001086	-9.049975
0.001102	-9.059985
0.001086	-9.069975
0.001114	-9.079975
0.001106	-9.089980
0.001099	-9.099975
0.001104	-9.109980
0.001108	-9.119970
0.001099	-9.129980
0.001118	-9.139975
0.001113	-9.149975
0.001102	-9.159980
0.001104	-9.169975
0.001088	-9.179970
0.001133	-9.189975
0.001102	-9.199975
0.001104	-9.209975
0.001106	-9.219980
0.001087	-9.229970
0.001113	-9.239975
0.001094	-9.249980
0.001090	-9.259975
0.001116	-9.269975
0.001086	-9.279975
0.001111	-9.289975
0.001106	-9.299970
0.001090	-9.309980
0.001096	-9.319970
0.001124	-9.329975
0.001101	-9.339975
0.001087	-9.349970
0.001088	-9.359970
0.001108	-9.369970
0.001077	-9.379980
0.001110	-9.389980
0.001113	-9.399990
0.001102	-9.409970
0.001094	-9.419980
0.001108	-9.429980
0.001096	-9.439980
0.001110	-9.449980
0.001115	-9.459970
0.001111	-9.470000
0.001106	-9.479985
0.001097	-9.489970
0.001087	-9.499985
0.001091	-9.509985
0.001086	-9.519965
0.001074	-9.529975
0.001091	-9.539980
0.001113	-9.549970
0.001072	-9.559970
0.001101	-9.569970
0.001100	-9.579975
0.001115	-9.589975
0.001086	-9.599975
0.001104	-9.609975
0.001100	-9.619960
0.001118	-9.629980
0.001108	-9.639975
0.001128	-9.649970
0.001115	-9.659980
0.001105	-9.669980
0.001122	-9.679970
0.001118	-9.689985
0.001118	-9.699975
0.001123	-9.709980
0.001123	-9.719975
0.001124	-9.729975
0.001146	-9.739970
0.001133	-9.749985
0.001133	-9.759975
0.001132	-9.769975
0.001146	-9.779980
0.001148	-9.789975
0.001148	-9.799975
0.001157	-9.809980
0.001169	-9.819975
0.001170	-9.829975
0.001172	-9.839980
0.001172	-9.849980
0.001183	-9.859975
0.001200	-9.869985
0.001195	-9.879975
0.001207	-9.889980
0.001208	-9.899970
0.001223	-9.909975
0.001227	-9.919975
0.001236	-9.929975
0.001239	-9.939980
0.001249	-9.949980
0.001254	-9.959975
0.001263	-9.969985
0.001264	-9.979975
0.001270	-9.989970
0.001273	-9.999975
0.001278	-10.009975
0.001286	-10.019970
0.001292	-10.029970
0.001296	-10.039975
0.001298	-10.049975
0.001306	-10.059975
0.001314	-10.069975
0.001316	-10.079975
0.001317	-10.089980
0.001317	-10.099975
0.001322	-10.109975
0.001325	-10.119975
0.001331	-10.129980
0.001330	-10.139980
0.001336	-10.149980
0.001335	-10.159975
0.001339	-10.169975
0.001343	-10.179970
0.001345	-10.189980
0.001348	-10.199980
0.001347	-10.209975
0.001350	-10.219980
0.001350	-10.229975
0.001353	-10.239975
0.001353	-10.249980
0.001358	-10.259975
0.001357	-10.269980
0.001357	-10.279980
0.001358	-10.289980
0.001362	-10.299970
0.001361	-10.309985
0.001362	-10.319975
0.001359	-10.329980
0.001359	-10.339985
0.001359	-10.349985
0.001363	-10.359975
0.001361	-10.369985
0.001361	-10.379995
0.001363	-10.389980
0.001362	-10.399980
0.001363	-10.409975
0.001363	-10.419975
0.001363	-10.429985
0.001359	-10.440000
0.001359	-10.449980
0.001361	-10.459985
0.001364	-10.470025
0.001361	-10.479980
0.001361	-10.489975
0.001362	-10.499985
0.001361	-10.509985
0.001364	-10.519975
0.001362	-10.529995
0.001361	-10.539965
0.001363	-10.549970
0.001364	-10.559990
0.001361	-10.569975
0.001362	-10.579970
0.001363	-10.589990
0.001361	-10.599985
0.001364	-10.609975
0.001362	-10.619975
0.001361	-10.629990
0.001363	-10.639980
0.001361	-10.649975
0.001366	-10.659985
0.001363	-10.669980
0.001364	-10.679970
0.001363	-10.689990
0.001363	-10.699975
0.001364	-10.709970
0.001362	-10.719975
0.001361	-10.729980
0.001363	-10.739975
0.001359	-10.749975
0.001364	-10.759975
0.001362	-10.769975
0.001363	-10.779975
0.001361	-10.789975
0.001361	-10.799975
0.001364	-10.809980
0.001361	-10.819970
0.001364	-10.829975
0.001362	-10.839985
0.001362	-10.849980
0.001361	-10.859975
0.001363	-10.869980
0.001361	-10.879980
0.001362	-10.889975
0.001362	-10.899980
0.001362	-10.909980
0.001362	-10.919975
0.001362	-10.929975
0.001361	-10.939985
0.001363	-10.949980
0.001364	-10.959975
0.001364	-10.969990
0.001361	-10.979980
0.001363	-10.989980
0.001361	-10.999985
0.001361	-11.009980
0.001363	-11.019975
0.001362	-11.029975
0.001363	-11.039975
0.001364	-11.049980
0.001366	-11.059975
0.001362	-11.069975
0.001362	-11.079975
0.001361	-11.089980
0.001364	-11.099975
0.001363	-11.109980
0.001361	-11.119980
0.001364	-11.129980
0.001359	-11.139975
0.001362	-11.149980
0.001361	-11.159990
0.001364	-11.169985
0.001363	-11.179975
0.001361	-11.189985
0.001362	-11.199975
0.001363	-11.209975
0.001363	-11.219985
0.001361	-11.229975
0.001363	-11.239975
0.001358	-11.249980
0.001361	-11.259980
0.001361	-11.269975
0.001366	-11.279980
0.001362	-11.289980
0.001364	-11.299970
0.001361	-11.309985
0.001362	-11.319975
0.001363	-11.329975
0.001363	-11.339985
0.001363	-11.349980
0.001362	-11.359975
0.001362	-11.369985
0.001359	-11.379975
0.001362	-11.389975
0.001363	-11.399985
0.001364	-11.409975
0.001361	-11.419975
0.001361	-11.429980
0.001362	-11.439970
0.001362	-11.449980
0.001363	-11.459980
0.001363	-11.470000
0.001362	-11.479975
0.001364	-11.489975
0.001362	-11.499975
0.001362	-11.509980
0.001363	-11.519970
0.001363	-11.529995
0.001363	-11.539975
0.001361	-11.549965
0.001362	-11.559980
0.001364	-11.569980
0.001363	-11.579970
0.001361	-11.589975
0.001362	-11.599985
0.001366	-11.609975
0.001363	-11.619970
0.001364	-11.629980
0.001362	-11.639980
0.001363	-11.649965
0.001361	-11.659985
0.001362	-11.669980
0.001363	-11.679970
0.001363	-11.689985
0.001364	-11.699975
0.001363	-11.709970
0.001363	-11.719975
0.001363	-11.729975
0.001362	-11.739970
0.001364	-11.749975
0.001363	-11.759980
0.001363	-11.769975
0.001364	-11.779980
0.001363	-11.789985
0.001364	-11.799975
0.001366	-11.809985
0.001362	-11.819975
0.001362	-11.829975
0.001366	-11.839980
0.001363	-11.849975
0.001362	-11.859975
0.001363	-11.869980
0.001366	-11.879980
0.001362	-11.889980
0.001363	-11.899985
0.001364	-11.909985
0.001366	-11.919975
0.001362	-11.929975
0.001361	-11.939985
0.001364	-11.949980
0.001363	-11.959980
0.001362	-11.969990
0.001364	-11.979975
0.001362	-11.989980
