0.001017	-0.000010
0.001012	0.000790
0.001017	0.002020
0.001035	0.003065
0.001029	0.004080
0.001019	0.005065
0.001029	0.006080
0.001016	0.007075
0.001001	0.008075
0.001006	0.009075
0.001011	0.010090
0.001008	0.011125
0.001016	0.012165
0.000989	0.013135
0.001022	0.014105
0.001030	0.015115
0.001029	0.016115
0.001022	0.017100
0.001005	0.018110
0.001022	0.019115
0.001027	0.020130
0.001010	0.021095
0.000977	0.022115
0.001015	0.023115
0.001007	0.024090
0.001001	0.025130
0.001016	0.026080
0.001036	0.027110
0.001017	0.028120
0.001024	0.029100
0.001006	0.030110
0.001011	0.031110
0.001007	0.032115
0.001011	0.033105
0.001016	0.034095
0.001013	0.035115
0.001031	0.036100
0.001022	0.037110
0.001019	0.038090
0.000998	0.039105
0.001010	0.040090
0.001013	0.041090
0.001012	0.042110
0.001030	0.043100
0.001011	0.044115
0.001027	0.045090
0.001020	0.046090
0.001016	0.047100
0.001016	0.048095
0.001013	0.049120
0.000968	0.050100
0.001024	0.051130
0.001012	0.052100
0.001024	0.053120
0.001007	0.054085
0.001016	0.055110
0.001026	0.056100
0.001016	0.057120
0.001036	0.058110
0.001008	0.059115
0.001022	0.060105
0.001007	0.061120
0.001013	0.062105
0.001038	0.063135
0.001011	0.064100
0.001008	0.065090
0.001022	0.066120
0.001019	0.067110
0.001026	0.068115
0.001015	0.069100
0.001026	0.070105
0.000994	0.071100
0.001010	0.072085
0.000979	0.073080
0.001019	0.074105
0.001006	0.075090
0.000994	0.076095
0.001007	0.077105
0.001020	0.078110
0.001013	0.079075
0.001017	0.080160
0.001019	0.081075
0.000998	0.082125
0.000992	0.083070
0.001013	0.084115
0.001036	0.085090
0.001029	0.086115
0.000999	0.087105
0.001021	0.088110
0.001013	0.089100
0.001010	0.090090
0.001012	0.091095
0.001022	0.092105
0.001006	0.093095
0.001003	0.094100
0.001011	0.095125
0.001038	0.096070
0.001012	0.097175
0.001027	0.098085
0.001011	0.099120
0.001013	10.100415
0.001016	10.100705
0.001003	10.102060
0.001017	10.103035
0.000997	10.104110
0.001013	10.105150
0.001020	10.106165
0.000993	10.107100
0.000991	10.108120
0.001005	10.109120
0.000987	10.110120
0.001022	10.111100
0.001007	10.112100
0.001015	10.113095
0.001024	10.114125
0.001008	10.115095
0.000996	10.116130
0.001015	10.117105
0.001043	10.118115
0.001011	10.119120
0.001024	10.120110
0.001011	10.121105
0.001026	10.122115
0.001029	10.123110
0.001017	10.124110
0.001010	10.125120
0.001013	10.126105
0.001017	10.127110
0.001008	10.128115
0.001013	10.129105
0.001021	10.130110
0.001016	10.131090
0.001019	10.132135
0.001002	10.133085
0.000997	10.134120
0.001025	10.135090
0.001031	10.136105
0.001015	10.137120
0.001017	10.138125
0.001003	10.139110
0.001011	10.140115
0.001003	10.141105
0.001024	10.142115
0.001013	10.143095
0.001007	10.144120
0.001012	10.145105
0.001019	10.146120
0.001016	10.147105
0.001029	10.148110
0.000998	10.149105
0.001001	10.150100
0.001026	10.151105
0.001021	10.152110
0.001019	10.153115
0.001016	10.154100
0.001026	10.155100
0.001011	10.156125
0.001022	10.157100
0.001011	10.158115
0.001029	10.159125
0.001011	10.160115
0.001003	10.161105
0.001016	10.162110
0.000998	10.163105
0.001012	10.164100
0.001040	10.165105
0.001017	10.166115
0.001016	10.167100
0.001038	10.168120
0.001008	10.169105
0.001015	10.170100
0.001013	10.171125
0.001030	10.172080
0.001022	10.173115
0.001007	10.174100
0.001006	10.175120
0.001020	10.176095
0.001012	10.177115
0.001013	10.178125
0.001021	10.179105
0.001019	10.180100
0.001019	10.181120
0.001021	10.182085
0.001016	10.183125
0.000999	10.184100
0.001026	10.185105
0.000999	10.186105
0.001011	10.187105
0.001021	10.188095
0.001021	10.189105
0.001024	10.190085
0.001019	10.191100
0.001007	10.192100
0.001005	10.193110
0.001008	10.194095
0.001020	10.195105
0.001043	10.196100
0.001016	10.197105
0.001001	10.198085
0.001024	10.199115
0.001027	9.899605
0.001013	9.899210
0.000998	9.897940
0.001013	9.896940
0.001013	9.895905
0.001030	9.894930
0.001025	9.893930
0.001020	9.892880
0.001020	9.891860
0.001015	9.890855
0.000997	9.889890
0.001027	9.888875
0.001031	9.887900
0.001035	9.886880
0.001031	9.885880
0.001027	9.884885
0.001005	9.883875
0.001021	9.882915
0.001025	9.881880
0.001020	9.880850
0.001010	9.879890
0.001020	9.878870
0.001017	9.877885
0.001024	9.876885
0.000999	9.875885
0.001030	9.874890
0.001021	9.873885
0.001006	9.872885
0.001010	9.871870
0.001021	9.870890
0.001033	9.869895
0.001033	9.868875
0.001029	9.867895
0.001003	9.866880
0.001005	9.865900
0.001007	9.864890
0.001019	9.863885
0.001020	9.862885
0.001024	9.861895
0.000988	9.860885
0.001001	9.859895
0.001001	9.858885
0.001021	9.857900
0.001006	9.856880
0.001019	9.855895
0.001012	9.854890
0.001029	9.853900
0.001024	9.852890
0.001008	9.851930
0.001017	9.850850
0.001016	9.849915
0.001022	9.848890
0.001025	9.847905
0.001002	9.846890
0.001001	9.845905
0.001016	9.844910
0.001008	9.843915
0.000992	9.842905
0.000992	9.841900
0.000996	9.840910
0.001008	9.839880
0.001026	9.838875
0.001024	9.837885
0.001022	9.836890
0.000996	9.835905
0.001017	9.834880
0.001013	9.833915
0.001019	9.832875
0.001007	9.831900
0.001027	9.830895
0.001038	9.829890
0.001034	9.828910
0.001031	9.827895
0.001011	9.826905
0.001020	9.825885
0.000994	9.824910
0.001012	9.823905
0.001012	9.822895
0.000991	9.821890
0.001006	9.820910
0.001019	9.819890
0.001019	9.818890
0.001013	9.817895
0.000999	9.816880
0.001025	9.815900
0.001019	9.814890
0.001020	9.813905
0.001012	9.812900
0.001015	9.811935
0.001011	9.810865
0.001027	9.809920
0.001024	9.808880
0.001005	9.807910
0.001006	9.806890
0.001036	9.805905
0.001022	9.804900
0.001017	9.803890
0.000999	9.802905
0.001025	9.801885
0.001012	9.800900
0.001019	-0.200565
0.001016	-0.200660
0.001012	-0.202035
0.001025	-0.203070
0.001025	-0.204090
0.001011	-0.205090
0.001002	-0.206075
0.001013	-0.207085
0.001006	-0.208090
0.001012	-0.209095
0.001025	-0.210095
0.001011	-0.211140
0.001016	-0.212160
0.001021	-0.213145
0.001011	-0.214115
0.001013	-0.215100
0.001030	-0.216120
0.000979	-0.217100
0.001016	-0.218105
0.001027	-0.219095
0.001034	-0.220125
0.001017	-0.221085
0.001013	-0.222120
0.001015	-0.223085
0.001011	-0.224130
0.001003	-0.225120
0.001008	-0.226090
0.001016	-0.227115
0.001002	-0.228135
0.001020	-0.229110
0.001011	-0.230115
0.001034	-0.231100
0.001024	-0.232120
0.001013	-0.233105
0.001007	-0.234100
0.001005	-0.235120
0.001015	-0.236120
0.001033	-0.237115
0.001022	-0.238115
0.001027	-0.239110
0.000998	-0.240125
0.001024	-0.241115
0.001016	-0.242120
0.001012	-0.243110
0.001024	-0.244115
0.001026	-0.245115
0.001020	-0.246105
0.000997	-0.247115
0.001007	-0.248105
0.000994	-0.249110
0.001005	-0.250105
0.001016	-0.251075
0.001012	-0.252115
0.001015	-0.253090
0.001016	-0.254105
0.001027	-0.255105
0.001011	-0.256110
0.001002	-0.257090
0.001002	-0.258125
0.001006	-0.259120
0.000988	-0.260110
0.001010	-0.261130
0.001008	-0.262125
0.001011	-0.263105
0.001005	-0.264120
0.001011	-0.265105
0.001011	-0.266140
0.001013	-0.267105
0.001031	-0.268135
0.001017	-0.269105
0.001033	-0.270115
0.001020	-0.271110
0.001011	-0.272125
0.001017	-0.273115
0.001016	-0.274110
0.001013	-0.275105
0.001008	-0.276115
0.001013	-0.277115
0.001019	-0.278105
0.001006	-0.279110
0.000998	-0.280085
0.001026	-0.281100
0.001005	-0.282100
0.000998	-0.283115
0.000998	-0.284110
0.000989	-0.285115
0.001017	-0.286100
0.001019	-0.287120
0.001026	-0.288115
0.001021	-0.289120
0.001016	-0.290110
0.000992	-0.291115
0.001022	-0.292110
0.000989	-0.293105
0.001024	-0.294100
0.001015	-0.295090
0.000997	-0.296150
0.000999	-0.297135
0.001010	-0.298100
0.001003	-0.299125
